1000000	1000000	1280.6593
1000000	2000000	536.4219
1000000	3000000	100.3966
1000000	4000000	100.7382
1000000	5000000	53.1470
1000000	6000000	86.8919
1000000	7000000	56.2270
1000000	8000000	96.3486
1000000	9000000	54.4087
1000000	10000000	89.6933
1000000	11000000	11.3616
1000000	12000000	42.1415
1000000	13000000	48.6541
1000000	14000000	49.4690
1000000	15000000	57.4119
1000000	16000000	78.7116
1000000	17000000	54.6878
1000000	18000000	45.9272
1000000	19000000	43.7536
1000000	20000000	76.3793
1000000	21000000	42.6061
1000000	22000000	48.8565
1000000	23000000	44.5788
1000000	24000000	33.4283
1000000	25000000	31.8003
1000000	26000000	66.9522
1000000	27000000	57.0490
1000000	28000000	50.0027
1000000	29000000	32.2439
1000000	30000000	39.4762
1000000	31000000	24.7937
1000000	32000000	25.0960
1000000	33000000	33.8738
1000000	34000000	23.5756
1000000	35000000	42.4083
1000000	36000000	45.3159
1000000	37000000	27.4055
1000000	38000000	35.4221
1000000	39000000	27.6949
1000000	40000000	35.5250
1000000	41000000	38.3910
1000000	42000000	26.3756
1000000	43000000	33.6511
1000000	44000000	30.6373
1000000	45000000	16.6283
1000000	46000000	21.2231
1000000	47000000	17.1881
1000000	48000000	15.0123
1000000	49000000	13.6999
1000000	50000000	26.3650
1000000	51000000	25.0902
1000000	52000000	24.4636
1000000	53000000	27.5772
1000000	54000000	21.9610
1000000	55000000	20.0860
1000000	56000000	20.4219
1000000	57000000	11.9693
1000000	58000000	12.8986
1000000	59000000	18.9646
1000000	60000000	7.4766
2000000	1000000	536.4219
2000000	2000000	3004.2847
2000000	3000000	809.0841
2000000	4000000	326.1632
2000000	5000000	147.7881
2000000	6000000	156.8474
2000000	7000000	109.5591
2000000	8000000	143.6162
2000000	9000000	93.5346
2000000	10000000	157.0086
2000000	11000000	20.8296
2000000	12000000	79.1290
2000000	13000000	88.2319
2000000	14000000	83.3772
2000000	15000000	98.8104
2000000	16000000	135.4078
2000000	17000000	90.8784
2000000	18000000	97.7836
2000000	19000000	78.8799
2000000	20000000	125.7058
2000000	21000000	71.3876
2000000	22000000	77.6506
2000000	23000000	73.6297
2000000	24000000	67.8821
2000000	25000000	76.6247
2000000	26000000	105.8591
2000000	27000000	95.1554
2000000	28000000	96.3135
2000000	29000000	77.3377
2000000	30000000	65.4348
2000000	31000000	52.1754
2000000	32000000	51.2735
2000000	33000000	61.7380
2000000	34000000	46.7067
2000000	35000000	73.1591
2000000	36000000	80.1863
2000000	37000000	57.5648
2000000	38000000	62.4437
2000000	39000000	49.9899
2000000	40000000	61.8922
2000000	41000000	59.8567
2000000	42000000	48.6941
2000000	43000000	59.3842
2000000	44000000	56.4659
2000000	45000000	33.1289
2000000	46000000	36.2795
2000000	47000000	32.2186
2000000	48000000	37.0147
2000000	49000000	37.1211
2000000	50000000	48.8829
2000000	51000000	33.5623
2000000	52000000	43.9292
2000000	53000000	36.4355
2000000	54000000	41.6227
2000000	55000000	40.8537
2000000	56000000	42.0901
2000000	57000000	28.9631
2000000	58000000	35.6768
2000000	59000000	38.3538
2000000	60000000	22.8122
3000000	1000000	100.3966
3000000	2000000	809.0841
3000000	3000000	2512.3660
3000000	4000000	521.9898
3000000	5000000	191.3677
3000000	6000000	124.9235
3000000	7000000	120.8282
3000000	8000000	81.8873
3000000	9000000	60.4569
3000000	10000000	67.3233
3000000	11000000	17.0424
3000000	12000000	39.3300
3000000	13000000	81.2090
3000000	14000000	84.1444
3000000	15000000	87.1603
3000000	16000000	82.9250
3000000	17000000	83.2919
3000000	18000000	82.8424
3000000	19000000	92.8729
3000000	20000000	77.3967
3000000	21000000	64.5734
3000000	22000000	80.7986
3000000	23000000	86.9831
3000000	24000000	77.8975
3000000	25000000	98.9581
3000000	26000000	69.8899
3000000	27000000	66.3865
3000000	28000000	54.5641
3000000	29000000	63.6855
3000000	30000000	65.3498
3000000	31000000	49.1633
3000000	32000000	57.6663
3000000	33000000	52.7620
3000000	34000000	42.5118
3000000	35000000	41.1276
3000000	36000000	32.1574
3000000	37000000	42.0469
3000000	38000000	37.7956
3000000	39000000	46.0797
3000000	40000000	31.7866
3000000	41000000	39.7619
3000000	42000000	25.1453
3000000	43000000	27.5682
3000000	44000000	43.4537
3000000	45000000	36.7791
3000000	46000000	29.4128
3000000	47000000	27.8863
3000000	48000000	24.7457
3000000	49000000	32.2307
3000000	50000000	32.2769
3000000	51000000	27.4420
3000000	52000000	27.8935
3000000	53000000	26.9566
3000000	54000000	22.7902
3000000	55000000	28.0439
3000000	56000000	24.6378
3000000	57000000	24.5641
3000000	58000000	24.3686
3000000	59000000	28.9549
3000000	60000000	19.8480
4000000	1000000	100.7382
4000000	2000000	326.1632
4000000	3000000	521.9898
4000000	4000000	2425.4392
4000000	5000000	862.6866
4000000	6000000	279.2056
4000000	7000000	157.8895
4000000	8000000	151.5983
4000000	9000000	83.8043
4000000	10000000	127.7303
4000000	11000000	18.9360
4000000	12000000	50.8399
4000000	13000000	84.7881
4000000	14000000	86.8417
4000000	15000000	95.0666
4000000	16000000	124.0193
4000000	17000000	110.5159
4000000	18000000	86.2530
4000000	19000000	89.8141
4000000	20000000	98.9891
4000000	21000000	68.5771
4000000	22000000	99.9790
4000000	23000000	83.2731
4000000	24000000	70.9632
4000000	25000000	88.8924
4000000	26000000	101.1348
4000000	27000000	90.2585
4000000	28000000	97.1642
4000000	29000000	93.0637
4000000	30000000	65.7870
4000000	31000000	46.7284
4000000	32000000	56.9811
4000000	33000000	56.1720
4000000	34000000	45.1211
4000000	35000000	63.4506
4000000	36000000	59.7910
4000000	37000000	62.0734
4000000	38000000	50.4847
4000000	39000000	50.7483
4000000	40000000	48.1020
4000000	41000000	49.4372
4000000	42000000	40.0784
4000000	43000000	42.6822
4000000	44000000	54.4296
4000000	45000000	36.0935
4000000	46000000	34.9998
4000000	47000000	31.8433
4000000	48000000	30.9974
4000000	49000000	35.6384
4000000	50000000	37.0833
4000000	51000000	38.3207
4000000	52000000	36.3188
4000000	53000000	31.1015
4000000	54000000	31.0174
4000000	55000000	35.9935
4000000	56000000	29.8256
4000000	57000000	30.1305
4000000	58000000	30.9181
4000000	59000000	32.9096
4000000	60000000	21.3157
5000000	1000000	53.1470
5000000	2000000	147.7881
5000000	3000000	191.3677
5000000	4000000	862.6866
5000000	5000000	2291.6900
5000000	6000000	753.2982
5000000	7000000	237.4916
5000000	8000000	148.6309
5000000	9000000	74.4390
5000000	10000000	98.0196
5000000	11000000	13.2552
5000000	12000000	39.4668
5000000	13000000	75.8418
5000000	14000000	72.6399
5000000	15000000	74.5356
5000000	16000000	92.8524
5000000	17000000	81.5868
5000000	18000000	80.8407
5000000	19000000	72.3672
5000000	20000000	77.2539
5000000	21000000	61.1815
5000000	22000000	71.2586
5000000	23000000	74.8319
5000000	24000000	70.7737
5000000	25000000	87.1303
5000000	26000000	72.3334
5000000	27000000	69.2711
5000000	28000000	65.9587
5000000	29000000	76.3921
5000000	30000000	60.5149
5000000	31000000	51.1640
5000000	32000000	41.5531
5000000	33000000	55.4297
5000000	34000000	41.3723
5000000	35000000	45.8746
5000000	36000000	38.9985
5000000	37000000	47.8833
5000000	38000000	38.5096
5000000	39000000	43.9607
5000000	40000000	36.8267
5000000	41000000	40.9500
5000000	42000000	24.8886
5000000	43000000	30.4712
5000000	44000000	46.4188
5000000	45000000	34.0597
5000000	46000000	27.1355
5000000	47000000	29.7082
5000000	48000000	27.0247
5000000	49000000	29.2152
5000000	50000000	34.2295
5000000	51000000	34.8870
5000000	52000000	31.1655
5000000	53000000	26.2817
5000000	54000000	26.8156
5000000	55000000	28.3778
5000000	56000000	25.5404
5000000	57000000	20.3231
5000000	58000000	24.1894
5000000	59000000	28.8961
5000000	60000000	19.4457
6000000	1000000	86.8919
6000000	2000000	156.8474
6000000	3000000	124.9235
6000000	4000000	279.2056
6000000	5000000	753.2982
6000000	6000000	2924.1754
6000000	7000000	840.3372
6000000	8000000	329.2441
6000000	9000000	102.6473
6000000	10000000	154.1375
6000000	11000000	18.9360
6000000	12000000	55.9709
6000000	13000000	69.4623
6000000	14000000	74.1496
6000000	15000000	84.9286
6000000	16000000	96.4550
6000000	17000000	81.3819
6000000	18000000	81.7442
6000000	19000000	81.2620
6000000	20000000	97.9324
6000000	21000000	63.2497
6000000	22000000	82.6765
6000000	23000000	71.4782
6000000	24000000	58.8236
6000000	25000000	73.8413
6000000	26000000	94.0135
6000000	27000000	83.9993
6000000	28000000	76.4773
6000000	29000000	72.8339
6000000	30000000	64.9526
6000000	31000000	44.9344
6000000	32000000	52.3522
6000000	33000000	54.3632
6000000	34000000	47.5233
6000000	35000000	62.9633
6000000	36000000	58.0519
6000000	37000000	51.6009
6000000	38000000	53.3099
6000000	39000000	41.3137
6000000	40000000	50.5830
6000000	41000000	50.1956
6000000	42000000	43.4179
6000000	43000000	46.1622
6000000	44000000	48.7560
6000000	45000000	39.6992
6000000	46000000	36.1811
6000000	47000000	24.6444
6000000	48000000	28.4638
6000000	49000000	29.0163
6000000	50000000	37.6710
6000000	51000000	36.9746
6000000	52000000	43.7435
6000000	53000000	34.5619
6000000	54000000	30.3595
6000000	55000000	38.8267
6000000	56000000	27.0124
6000000	57000000	29.0901
6000000	58000000	28.7898
6000000	59000000	33.1976
6000000	60000000	23.6294
7000000	1000000	56.2270
7000000	2000000	109.5591
7000000	3000000	120.8282
7000000	4000000	157.8895
7000000	5000000	237.4916
7000000	6000000	840.3372
7000000	7000000	2343.0099
7000000	8000000	621.8619
7000000	9000000	91.3919
7000000	10000000	122.1098
7000000	11000000	17.0424
7000000	12000000	44.0243
7000000	13000000	82.2763
7000000	14000000	73.4108
7000000	15000000	81.5624
7000000	16000000	87.0137
7000000	17000000	77.1880
7000000	18000000	72.8180
7000000	19000000	83.9890
7000000	20000000	78.3868
7000000	21000000	66.7194
7000000	22000000	78.4545
7000000	23000000	79.4343
7000000	24000000	73.6771
7000000	25000000	82.2121
7000000	26000000	65.4843
7000000	27000000	70.8399
7000000	28000000	56.9186
7000000	29000000	63.2499
7000000	30000000	55.3409
7000000	31000000	49.1215
7000000	32000000	49.1271
7000000	33000000	61.7937
7000000	34000000	60.5770
7000000	35000000	49.9311
7000000	36000000	43.3983
7000000	37000000	51.2587
7000000	38000000	43.7463
7000000	39000000	45.4675
7000000	40000000	35.1227
7000000	41000000	48.4951
7000000	42000000	29.7553
7000000	43000000	33.2933
7000000	44000000	37.1557
7000000	45000000	36.7459
7000000	46000000	30.1575
7000000	47000000	24.1846
7000000	48000000	27.9484
7000000	49000000	31.9517
7000000	50000000	30.8304
7000000	51000000	32.4034
7000000	52000000	39.6358
7000000	53000000	31.4923
7000000	54000000	25.9767
7000000	55000000	32.5854
7000000	56000000	24.8365
7000000	57000000	28.5237
7000000	58000000	35.8886
7000000	59000000	30.2372
7000000	60000000	19.5077
8000000	1000000	96.3486
8000000	2000000	143.6162
8000000	3000000	81.8873
8000000	4000000	151.5983
8000000	5000000	148.6309
8000000	6000000	329.2441
8000000	7000000	621.8619
8000000	8000000	2153.9944
8000000	9000000	340.9877
8000000	10000000	427.8829
8000000	11000000	46.3933
8000000	12000000	101.5546
8000000	13000000	89.4143
8000000	14000000	82.8216
8000000	15000000	79.6958
8000000	16000000	114.3872
8000000	17000000	70.0156
8000000	18000000	75.8770
8000000	19000000	71.9020
8000000	20000000	105.4503
8000000	21000000	53.1799
8000000	22000000	75.7867
8000000	23000000	59.5529
8000000	24000000	46.6319
8000000	25000000	60.8162
8000000	26000000	96.3443
8000000	27000000	88.5614
8000000	28000000	86.8524
8000000	29000000	66.3873
8000000	30000000	65.4901
8000000	31000000	42.2713
8000000	32000000	51.7010
8000000	33000000	60.6541
8000000	34000000	39.1961
8000000	35000000	76.8430
8000000	36000000	80.9733
8000000	37000000	62.4217
8000000	38000000	62.0097
8000000	39000000	52.9864
8000000	40000000	68.7251
8000000	41000000	62.5623
8000000	42000000	43.5468
8000000	43000000	56.3937
8000000	44000000	51.0296
8000000	45000000	35.1900
8000000	46000000	28.6591
8000000	47000000	24.4787
8000000	48000000	22.6368
8000000	49000000	25.4046
8000000	50000000	36.6658
8000000	51000000	33.2133
8000000	52000000	38.6591
8000000	53000000	40.1912
8000000	54000000	39.7156
8000000	55000000	41.0038
8000000	56000000	31.6975
8000000	57000000	24.2610
8000000	58000000	28.7431
8000000	59000000	27.7398
8000000	60000000	20.6835
9000000	1000000	54.4087
9000000	2000000	93.5346
9000000	3000000	60.4569
9000000	4000000	83.8043
9000000	5000000	74.4390
9000000	6000000	102.6473
9000000	7000000	91.3919
9000000	8000000	340.9877
9000000	9000000	455.1631
9000000	10000000	778.5759
9000000	11000000	85.2121
9000000	12000000	208.8437
9000000	13000000	95.6603
9000000	14000000	88.7841
9000000	15000000	112.0641
9000000	16000000	92.4107
9000000	17000000	59.2725
9000000	18000000	60.8363
9000000	19000000	64.5798
9000000	20000000	99.0647
9000000	21000000	61.6755
9000000	22000000	68.5711
9000000	23000000	67.7730
9000000	24000000	53.5581
9000000	25000000	52.6702
9000000	26000000	71.1915
9000000	27000000	67.0043
9000000	28000000	75.3359
9000000	29000000	61.6135
9000000	30000000	63.3817
9000000	31000000	41.7631
9000000	32000000	47.5052
9000000	33000000	60.5212
9000000	34000000	45.1513
9000000	35000000	50.0173
9000000	36000000	70.4849
9000000	37000000	54.6580
9000000	38000000	53.3797
9000000	39000000	42.2021
9000000	40000000	56.2527
9000000	41000000	52.4353
9000000	42000000	42.7749
9000000	43000000	45.8262
9000000	44000000	32.8601
9000000	45000000	36.6818
9000000	46000000	28.8433
9000000	47000000	25.1623
9000000	48000000	27.2401
9000000	49000000	31.9335
9000000	50000000	49.2269
9000000	51000000	31.6272
9000000	52000000	51.6553
9000000	53000000	43.8763
9000000	54000000	34.0751
9000000	55000000	44.8855
9000000	56000000	46.6359
9000000	57000000	23.0668
9000000	58000000	27.7970
9000000	59000000	27.2563
9000000	60000000	16.8265
10000000	1000000	89.6933
10000000	2000000	157.0086
10000000	3000000	67.3233
10000000	4000000	127.7303
10000000	5000000	98.0196
10000000	6000000	154.1375
10000000	7000000	122.1098
10000000	8000000	427.8829
10000000	9000000	778.5759
10000000	10000000	1874.5409
10000000	11000000	95.6269
10000000	12000000	214.0438
10000000	13000000	131.7405
10000000	14000000	116.3118
10000000	15000000	103.1685
10000000	16000000	126.9477
10000000	17000000	90.1378
10000000	18000000	87.1460
10000000	19000000	65.3643
10000000	20000000	105.6060
10000000	21000000	75.8069
10000000	22000000	76.3451
10000000	23000000	82.4816
10000000	24000000	62.1269
10000000	25000000	69.9083
10000000	26000000	132.1684
10000000	27000000	119.9918
10000000	28000000	104.7021
10000000	29000000	81.0054
10000000	30000000	69.4932
10000000	31000000	46.5974
10000000	32000000	67.3262
10000000	33000000	70.0483
10000000	34000000	49.5926
10000000	35000000	99.1522
10000000	36000000	96.2506
10000000	37000000	81.7656
10000000	38000000	83.9946
10000000	39000000	63.8039
10000000	40000000	74.3815
10000000	41000000	71.4860
10000000	42000000	63.2086
10000000	43000000	59.7107
10000000	44000000	47.8536
10000000	45000000	50.0080
10000000	46000000	48.0460
10000000	47000000	34.0196
10000000	48000000	32.7234
10000000	49000000	31.6124
10000000	50000000	57.0206
10000000	51000000	58.6401
10000000	52000000	69.7440
10000000	53000000	62.9662
10000000	54000000	53.3798
10000000	55000000	65.6197
10000000	56000000	53.4061
10000000	57000000	30.3580
10000000	58000000	39.9952
10000000	59000000	40.2755
10000000	60000000	23.9213
11000000	1000000	11.3616
11000000	2000000	20.8296
11000000	3000000	17.0424
11000000	4000000	18.9360
11000000	5000000	13.2552
11000000	6000000	18.9360
11000000	7000000	17.0424
11000000	8000000	46.3933
11000000	9000000	85.2121
11000000	10000000	95.6269
11000000	11000000	154.3302
11000000	12000000	81.4252
11000000	13000000	45.4464
11000000	14000000	21.7764
11000000	15000000	24.6168
11000000	16000000	24.6168
11000000	17000000	17.0424
11000000	18000000	17.0424
11000000	19000000	20.8296
11000000	20000000	22.7232
11000000	21000000	15.1488
11000000	22000000	22.7232
11000000	23000000	23.6700
11000000	24000000	16.0956
11000000	25000000	17.0424
11000000	26000000	17.9892
11000000	27000000	28.4040
11000000	28000000	17.9892
11000000	29000000	16.0956
11000000	30000000	20.8296
11000000	31000000	14.2020
11000000	32000000	11.3616
11000000	33000000	6.6276
11000000	34000000	7.5744
11000000	35000000	15.1488
11000000	36000000	22.7232
11000000	37000000	19.8828
11000000	38000000	13.2552
11000000	39000000	10.4148
11000000	40000000	9.4680
11000000	41000000	15.1488
11000000	42000000	12.3084
11000000	43000000	15.1488
11000000	44000000	10.4148
11000000	45000000	9.4680
11000000	46000000	11.3616
11000000	47000000	8.5212
11000000	48000000	11.3616
11000000	49000000	11.3616
11000000	50000000	12.3084
11000000	51000000	12.3084
11000000	52000000	7.5744
11000000	53000000	13.2552
11000000	54000000	12.3084
11000000	55000000	7.5744
11000000	56000000	11.3616
11000000	57000000	11.3616
11000000	58000000	5.6808
11000000	59000000	7.5744
11000000	60000000	5.6808
12000000	1000000	42.1415
12000000	2000000	79.1290
12000000	3000000	39.3300
12000000	4000000	50.8399
12000000	5000000	39.4668
12000000	6000000	55.9709
12000000	7000000	44.0243
12000000	8000000	101.5546
12000000	9000000	208.8437
12000000	10000000	214.0438
12000000	11000000	81.4252
12000000	12000000	1018.6484
12000000	13000000	436.0721
12000000	14000000	147.5475
12000000	15000000	92.1212
12000000	16000000	99.2158
12000000	17000000	46.0483
12000000	18000000	48.9569
12000000	19000000	41.1138
12000000	20000000	64.8011
12000000	21000000	33.5624
12000000	22000000	34.6783
12000000	23000000	34.6031
12000000	24000000	34.4834
12000000	25000000	36.3710
12000000	26000000	73.0173
12000000	27000000	62.7929
12000000	28000000	58.2883
12000000	29000000	35.9831
12000000	30000000	34.1738
12000000	31000000	32.2082
12000000	32000000	26.8289
12000000	33000000	42.0990
12000000	34000000	29.2255
12000000	35000000	55.6397
12000000	36000000	58.0528
12000000	37000000	41.8235
12000000	38000000	43.7775
12000000	39000000	27.5187
12000000	40000000	45.2657
12000000	41000000	40.6313
12000000	42000000	40.6816
12000000	43000000	39.2881
12000000	44000000	34.2773
12000000	45000000	24.2122
12000000	46000000	20.1734
12000000	47000000	17.9491
12000000	48000000	13.3129
12000000	49000000	19.9421
12000000	50000000	28.1965
12000000	51000000	24.9150
12000000	52000000	27.0366
12000000	53000000	31.0529
12000000	54000000	22.5628
12000000	55000000	30.4880
12000000	56000000	25.0106
12000000	57000000	15.9467
12000000	58000000	17.8404
12000000	59000000	19.8661
12000000	60000000	11.8864
13000000	1000000	48.6541
13000000	2000000	88.2319
13000000	3000000	81.2090
13000000	4000000	84.7881
13000000	5000000	75.8418
13000000	6000000	69.4623
13000000	7000000	82.2763
13000000	8000000	89.4143
13000000	9000000	95.6603
13000000	10000000	131.7405
13000000	11000000	45.4464
13000000	12000000	436.0721
13000000	13000000	1660.0368
13000000	14000000	697.5655
13000000	15000000	246.3810
13000000	16000000	126.7741
13000000	17000000	93.3605
13000000	18000000	82.3736
13000000	19000000	76.6625
13000000	20000000	81.9246
13000000	21000000	55.0665
13000000	22000000	79.9953
13000000	23000000	76.9861
13000000	24000000	64.6806
13000000	25000000	77.4759
13000000	26000000	76.8622
13000000	27000000	74.0948
13000000	28000000	59.0606
13000000	29000000	66.8828
13000000	30000000	60.4445
13000000	31000000	48.3355
13000000	32000000	47.3095
13000000	33000000	57.2046
13000000	34000000	47.4315
13000000	35000000	55.3797
13000000	36000000	47.8859
13000000	37000000	56.9285
13000000	38000000	46.3916
13000000	39000000	57.0789
13000000	40000000	44.1361
13000000	41000000	54.7992
13000000	42000000	36.6923
13000000	43000000	36.5656
13000000	44000000	58.3609
13000000	45000000	38.4710
13000000	46000000	40.8225
13000000	47000000	27.0026
13000000	48000000	23.7863
13000000	49000000	37.1605
13000000	50000000	31.3112
13000000	51000000	35.4601
13000000	52000000	36.9763
13000000	53000000	30.6491
13000000	54000000	34.8942
13000000	55000000	34.1263
13000000	56000000	28.9339
13000000	57000000	27.8338
13000000	58000000	30.0849
13000000	59000000	31.3679
13000000	60000000	17.7112
14000000	1000000	49.4690
14000000	2000000	83.3772
14000000	3000000	84.1444
14000000	4000000	86.8417
14000000	5000000	72.6399
14000000	6000000	74.1496
14000000	7000000	73.4108
14000000	8000000	82.8216
14000000	9000000	88.7841
14000000	10000000	116.3118
14000000	11000000	21.7764
14000000	12000000	147.5475
14000000	13000000	697.5655
14000000	14000000	1661.7162
14000000	15000000	590.6009
14000000	16000000	180.9443
14000000	17000000	104.5848
14000000	18000000	84.0322
14000000	19000000	76.8017
14000000	20000000	85.2467
14000000	21000000	56.3436
14000000	22000000	69.8523
14000000	23000000	74.9353
14000000	24000000	61.3239
14000000	25000000	76.3678
14000000	26000000	83.5128
14000000	27000000	68.9528
14000000	28000000	65.9798
14000000	29000000	64.3318
14000000	30000000	59.4835
14000000	31000000	45.5740
14000000	32000000	50.8835
14000000	33000000	51.8332
14000000	34000000	47.8793
14000000	35000000	61.8869
14000000	36000000	52.0239
14000000	37000000	52.9176
14000000	38000000	52.9881
14000000	39000000	50.3630
14000000	40000000	45.4286
14000000	41000000	49.7614
14000000	42000000	38.0771
14000000	43000000	38.9355
14000000	44000000	44.7376
14000000	45000000	38.0010
14000000	46000000	46.1651
14000000	47000000	25.5940
14000000	48000000	32.4979
14000000	49000000	32.6086
14000000	50000000	41.2946
14000000	51000000	32.1538
14000000	52000000	45.9397
14000000	53000000	40.0080
14000000	54000000	39.4178
14000000	55000000	35.8220
14000000	56000000	29.9289
14000000	57000000	23.0194
14000000	58000000	36.6589
14000000	59000000	27.0805
14000000	60000000	17.8720
15000000	1000000	57.4119
15000000	2000000	98.8104
15000000	3000000	87.1603
15000000	4000000	95.0666
15000000	5000000	74.5356
15000000	6000000	84.9286
15000000	7000000	81.5624
15000000	8000000	79.6958
15000000	9000000	112.0641
15000000	10000000	103.1685
15000000	11000000	24.6168
15000000	12000000	92.1212
15000000	13000000	246.3810
15000000	14000000	590.6009
15000000	15000000	1844.5963
15000000	16000000	601.2911
15000000	17000000	159.6734
15000000	18000000	114.8399
15000000	19000000	94.1995
15000000	20000000	94.0115
15000000	21000000	62.8393
15000000	22000000	82.2531
15000000	23000000	82.6034
15000000	24000000	68.2952
15000000	25000000	90.2053
15000000	26000000	84.8642
15000000	27000000	85.8125
15000000	28000000	62.3204
15000000	29000000	77.6722
15000000	30000000	67.4868
15000000	31000000	58.8160
15000000	32000000	55.7994
15000000	33000000	59.4520
15000000	34000000	53.9064
15000000	35000000	62.6456
15000000	36000000	52.3537
15000000	37000000	62.1651
15000000	38000000	54.9551
15000000	39000000	63.4876
15000000	40000000	51.0829
15000000	41000000	60.7435
15000000	42000000	36.5069
15000000	43000000	39.7530
15000000	44000000	45.8084
15000000	45000000	46.1313
15000000	46000000	39.1282
15000000	47000000	31.4837
15000000	48000000	33.7701
15000000	49000000	31.4549
15000000	50000000	35.1746
15000000	51000000	34.7326
15000000	52000000	40.4086
15000000	53000000	35.0645
15000000	54000000	38.2173
15000000	55000000	30.6719
15000000	56000000	27.8131
15000000	57000000	21.1930
15000000	58000000	29.7345
15000000	59000000	32.6828
15000000	60000000	18.2667
16000000	1000000	78.7116
16000000	2000000	135.4078
16000000	3000000	82.9250
16000000	4000000	124.0193
16000000	5000000	92.8524
16000000	6000000	96.4550
16000000	7000000	87.0137
16000000	8000000	114.3872
16000000	9000000	92.4107
16000000	10000000	126.9477
16000000	11000000	24.6168
16000000	12000000	99.2158
16000000	13000000	126.7741
16000000	14000000	180.9443
16000000	15000000	601.2911
16000000	16000000	2658.2046
16000000	17000000	579.2996
16000000	18000000	230.2142
16000000	19000000	144.3423
16000000	20000000	167.7581
16000000	21000000	87.0923
16000000	22000000	109.2957
16000000	23000000	86.8652
16000000	24000000	77.1425
16000000	25000000	80.7776
16000000	26000000	132.1005
16000000	27000000	117.0454
16000000	28000000	117.9661
16000000	29000000	93.9263
16000000	30000000	82.4410
16000000	31000000	66.4983
16000000	32000000	68.5114
16000000	33000000	82.6597
16000000	34000000	59.7222
16000000	35000000	97.0158
16000000	36000000	96.6676
16000000	37000000	74.2982
16000000	38000000	83.8626
16000000	39000000	77.4784
16000000	40000000	94.0255
16000000	41000000	74.4425
16000000	42000000	52.5066
16000000	43000000	67.0689
16000000	44000000	75.8929
16000000	45000000	53.5281
16000000	46000000	52.0368
16000000	47000000	38.8816
16000000	48000000	40.0268
16000000	49000000	45.6149
16000000	50000000	57.9086
16000000	51000000	49.5410
16000000	52000000	49.5722
16000000	53000000	55.6622
16000000	54000000	43.8002
16000000	55000000	42.5951
16000000	56000000	40.3169
16000000	57000000	37.4048
16000000	58000000	40.5352
16000000	59000000	41.8579
16000000	60000000	27.9288
17000000	1000000	54.6878
17000000	2000000	90.8784
17000000	3000000	83.2919
17000000	4000000	110.5159
17000000	5000000	81.5868
17000000	6000000	81.3819
17000000	7000000	77.1880
17000000	8000000	70.0156
17000000	9000000	59.2725
17000000	10000000	90.1378
17000000	11000000	17.0424
17000000	12000000	46.0483
17000000	13000000	93.3605
17000000	14000000	104.5848
17000000	15000000	159.6734
17000000	16000000	579.2996
17000000	17000000	2652.0807
17000000	18000000	584.4390
17000000	19000000	213.0870
17000000	20000000	143.5963
17000000	21000000	91.3795
17000000	22000000	120.1046
17000000	23000000	108.2520
17000000	24000000	95.7163
17000000	25000000	107.7694
17000000	26000000	94.3725
17000000	27000000	93.3594
17000000	28000000	82.8124
17000000	29000000	97.4134
17000000	30000000	76.3346
17000000	31000000	73.1433
17000000	32000000	73.7358
17000000	33000000	74.3186
17000000	34000000	69.1710
17000000	35000000	73.7144
17000000	36000000	60.0790
17000000	37000000	70.7820
17000000	38000000	56.8130
17000000	39000000	59.9393
17000000	40000000	49.0543
17000000	41000000	55.0557
17000000	42000000	41.2046
17000000	43000000	41.7670
17000000	44000000	67.6063
17000000	45000000	55.6173
17000000	46000000	50.1376
17000000	47000000	40.4237
17000000	48000000	39.2420
17000000	49000000	49.5576
17000000	50000000	41.2641
17000000	51000000	42.7140
17000000	52000000	43.8045
17000000	53000000	31.7038
17000000	54000000	33.7108
17000000	55000000	37.2232
17000000	56000000	29.0183
17000000	57000000	32.6447
17000000	58000000	38.4622
17000000	59000000	41.9096
17000000	60000000	28.2649
18000000	1000000	45.9272
18000000	2000000	97.7836
18000000	3000000	82.8424
18000000	4000000	86.2530
18000000	5000000	80.8407
18000000	6000000	81.7442
18000000	7000000	72.8180
18000000	8000000	75.8770
18000000	9000000	60.8363
18000000	10000000	87.1460
18000000	11000000	17.0424
18000000	12000000	48.9569
18000000	13000000	82.3736
18000000	14000000	84.0322
18000000	15000000	114.8399
18000000	16000000	230.2142
18000000	17000000	584.4390
18000000	18000000	2207.4066
18000000	19000000	791.4513
18000000	20000000	276.9570
18000000	21000000	124.6658
18000000	22000000	132.0008
18000000	23000000	96.8648
18000000	24000000	89.5241
18000000	25000000	96.0768
18000000	26000000	100.6700
18000000	27000000	84.5011
18000000	28000000	80.1382
18000000	29000000	83.5873
18000000	30000000	95.8433
18000000	31000000	64.8550
18000000	32000000	71.3241
18000000	33000000	81.9552
18000000	34000000	61.4944
18000000	35000000	71.4594
18000000	36000000	61.2720
18000000	37000000	58.5794
18000000	38000000	60.3553
18000000	39000000	62.7386
18000000	40000000	62.8781
18000000	41000000	54.3015
18000000	42000000	31.9890
18000000	43000000	35.1530
18000000	44000000	65.1888
18000000	45000000	52.5118
18000000	46000000	48.5222
18000000	47000000	40.9006
18000000	48000000	35.7958
18000000	49000000	38.8433
18000000	50000000	37.0083
18000000	51000000	44.4612
18000000	52000000	44.9070
18000000	53000000	34.1975
18000000	54000000	30.4447
18000000	55000000	33.6312
18000000	56000000	23.8181
18000000	57000000	32.5733
18000000	58000000	29.8115
18000000	59000000	32.9918
18000000	60000000	19.8167
19000000	1000000	43.7536
19000000	2000000	78.8799
19000000	3000000	92.8729
19000000	4000000	89.8141
19000000	5000000	72.3672
19000000	6000000	81.2620
19000000	7000000	83.9890
19000000	8000000	71.9020
19000000	9000000	64.5798
19000000	10000000	65.3643
19000000	11000000	20.8296
19000000	12000000	41.1138
19000000	13000000	76.6625
19000000	14000000	76.8017
19000000	15000000	94.1995
19000000	16000000	144.3423
19000000	17000000	213.0870
19000000	18000000	791.4513
19000000	19000000	2728.8078
19000000	20000000	933.6931
19000000	21000000	228.3928
19000000	22000000	192.1574
19000000	23000000	127.9825
19000000	24000000	111.5922
19000000	25000000	101.8577
19000000	26000000	84.3841
19000000	27000000	79.3331
19000000	28000000	78.8875
19000000	29000000	91.2192
19000000	30000000	88.2364
19000000	31000000	73.1894
19000000	32000000	79.6068
19000000	33000000	88.5097
19000000	34000000	67.0661
19000000	35000000	65.1271
19000000	36000000	62.6074
19000000	37000000	65.3784
19000000	38000000	52.2434
19000000	39000000	67.4291
19000000	40000000	49.3824
19000000	41000000	50.4386
19000000	42000000	31.3579
19000000	43000000	42.6781
19000000	44000000	62.2990
19000000	45000000	54.4555
19000000	46000000	50.6861
19000000	47000000	38.9987
19000000	48000000	42.0887
19000000	49000000	45.3679
19000000	50000000	44.5036
19000000	51000000	41.3625
19000000	52000000	41.3687
19000000	53000000	38.0760
19000000	54000000	31.3839
19000000	55000000	31.2661
19000000	56000000	27.4713
19000000	57000000	35.9358
19000000	58000000	39.2034
19000000	59000000	41.8311
19000000	60000000	23.3723
20000000	1000000	76.3793
20000000	2000000	125.7058
20000000	3000000	77.3967
20000000	4000000	98.9891
20000000	5000000	77.2539
20000000	6000000	97.9324
20000000	7000000	78.3868
20000000	8000000	105.4503
20000000	9000000	99.0647
20000000	10000000	105.6060
20000000	11000000	22.7232
20000000	12000000	64.8011
20000000	13000000	81.9246
20000000	14000000	85.2467
20000000	15000000	94.0115
20000000	16000000	167.7581
20000000	17000000	143.5963
20000000	18000000	276.9570
20000000	19000000	933.6931
20000000	20000000	3562.6169
20000000	21000000	947.1722
20000000	22000000	368.6621
20000000	23000000	136.8272
20000000	24000000	106.1032
20000000	25000000	100.2003
20000000	26000000	146.3022
20000000	27000000	119.8065
20000000	28000000	124.7645
20000000	29000000	98.0268
20000000	30000000	98.4355
20000000	31000000	77.0221
20000000	32000000	84.8129
20000000	33000000	94.3921
20000000	34000000	80.8933
20000000	35000000	113.5980
20000000	36000000	105.9938
20000000	37000000	82.3676
20000000	38000000	97.7715
20000000	39000000	82.4504
20000000	40000000	87.1276
20000000	41000000	68.9435
20000000	42000000	52.6134
20000000	43000000	70.5492
20000000	44000000	70.1701
20000000	45000000	49.7819
20000000	46000000	58.4192
20000000	47000000	42.8049
20000000	48000000	46.2360
20000000	49000000	48.7873
20000000	50000000	65.0748
20000000	51000000	56.9541
20000000	52000000	55.2067
20000000	53000000	50.7453
20000000	54000000	43.9027
20000000	55000000	47.2154
20000000	56000000	36.3461
20000000	57000000	37.0208
20000000	58000000	37.5794
20000000	59000000	47.3703
20000000	60000000	32.1268
21000000	1000000	42.6061
21000000	2000000	71.3876
21000000	3000000	64.5734
21000000	4000000	68.5771
21000000	5000000	61.1815
21000000	6000000	63.2497
21000000	7000000	66.7194
21000000	8000000	53.1799
21000000	9000000	61.6755
21000000	10000000	75.8069
21000000	11000000	15.1488
21000000	12000000	33.5624
21000000	13000000	55.0665
21000000	14000000	56.3436
21000000	15000000	62.8393
21000000	16000000	87.0923
21000000	17000000	91.3795
21000000	18000000	124.6658
21000000	19000000	228.3928
21000000	20000000	947.1722
21000000	21000000	2116.6858
21000000	22000000	904.6888
21000000	23000000	165.0558
21000000	24000000	99.3955
21000000	25000000	96.3004
21000000	26000000	92.9389
21000000	27000000	83.6391
21000000	28000000	76.6301
21000000	29000000	77.8636
21000000	30000000	72.4139
21000000	31000000	55.8276
21000000	32000000	77.4275
21000000	33000000	75.4438
21000000	34000000	50.4215
21000000	35000000	69.5051
21000000	36000000	56.3197
21000000	37000000	58.9959
21000000	38000000	49.1611
21000000	39000000	54.1429
21000000	40000000	49.1927
21000000	41000000	49.2240
21000000	42000000	32.4065
21000000	43000000	39.2396
21000000	44000000	53.6108
21000000	45000000	40.6534
21000000	46000000	38.7990
21000000	47000000	35.9067
21000000	48000000	32.3700
21000000	49000000	42.3526
21000000	50000000	40.7372
21000000	51000000	46.4614
21000000	52000000	37.3082
21000000	53000000	34.4904
21000000	54000000	30.0789
21000000	55000000	29.8106
21000000	56000000	24.4310
21000000	57000000	29.0921
21000000	58000000	30.9630
21000000	59000000	32.8691
21000000	60000000	25.4702
22000000	1000000	48.8565
22000000	2000000	77.6506
22000000	3000000	80.7986
22000000	4000000	99.9790
22000000	5000000	71.2586
22000000	6000000	82.6765
22000000	7000000	78.4545
22000000	8000000	75.7867
22000000	9000000	68.5711
22000000	10000000	76.3451
22000000	11000000	22.7232
22000000	12000000	34.6783
22000000	13000000	79.9953
22000000	14000000	69.8523
22000000	15000000	82.2531
22000000	16000000	109.2957
22000000	17000000	120.1046
22000000	18000000	132.0008
22000000	19000000	192.1574
22000000	20000000	368.6621
22000000	21000000	904.6888
22000000	22000000	2460.7739
22000000	23000000	520.9617
22000000	24000000	218.4732
22000000	25000000	168.3029
22000000	26000000	141.1800
22000000	27000000	121.4334
22000000	28000000	83.8392
22000000	29000000	107.0819
22000000	30000000	105.6456
22000000	31000000	85.4291
22000000	32000000	80.8073
22000000	33000000	100.1585
22000000	34000000	75.8582
22000000	35000000	79.1276
22000000	36000000	67.8411
22000000	37000000	63.6591
22000000	38000000	64.9257
22000000	39000000	62.1599
22000000	40000000	54.2250
22000000	41000000	54.2472
22000000	42000000	39.6570
22000000	43000000	45.6506
22000000	44000000	67.2947
22000000	45000000	51.8681
22000000	46000000	54.1041
22000000	47000000	41.0255
22000000	48000000	43.9304
22000000	49000000	49.7049
22000000	50000000	47.7706
22000000	51000000	45.3946
22000000	52000000	40.7478
22000000	53000000	33.9463
22000000	54000000	31.5459
22000000	55000000	34.4508
22000000	56000000	30.4128
22000000	57000000	36.1863
22000000	58000000	40.6711
22000000	59000000	43.4122
22000000	60000000	28.5751
23000000	1000000	44.5788
23000000	2000000	73.6297
23000000	3000000	86.9831
23000000	4000000	83.2731
23000000	5000000	74.8319
23000000	6000000	71.4782
23000000	7000000	79.4343
23000000	8000000	59.5529
23000000	9000000	67.7730
23000000	10000000	82.4816
23000000	11000000	23.6700
23000000	12000000	34.6031
23000000	13000000	76.9861
23000000	14000000	74.9353
23000000	15000000	82.6034
23000000	16000000	86.8652
23000000	17000000	108.2520
23000000	18000000	96.8648
23000000	19000000	127.9825
23000000	20000000	136.8272
23000000	21000000	165.0558
23000000	22000000	520.9617
23000000	23000000	2496.1829
23000000	24000000	914.7446
23000000	25000000	299.9500
23000000	26000000	160.4118
23000000	27000000	126.2830
23000000	28000000	88.7815
23000000	29000000	99.8605
23000000	30000000	100.4402
23000000	31000000	86.3665
23000000	32000000	87.6389
23000000	33000000	87.9005
23000000	34000000	91.2097
23000000	35000000	74.5687
23000000	36000000	63.5507
23000000	37000000	65.8458
23000000	38000000	63.6164
23000000	39000000	67.4334
23000000	40000000	48.0610
23000000	41000000	54.8843
23000000	42000000	32.0773
23000000	43000000	37.6528
23000000	44000000	65.1792
23000000	45000000	60.0533
23000000	46000000	55.0831
23000000	47000000	44.8171
23000000	48000000	46.1882
23000000	49000000	50.1693
23000000	50000000	44.0270
23000000	51000000	44.7212
23000000	52000000	45.3208
23000000	53000000	37.7627
23000000	54000000	34.1107
23000000	55000000	30.4108
23000000	56000000	24.9950
23000000	57000000	33.1239
23000000	58000000	42.0239
23000000	59000000	39.1172
23000000	60000000	23.8000
24000000	1000000	33.4283
24000000	2000000	67.8821
24000000	3000000	77.8975
24000000	4000000	70.9632
24000000	5000000	70.7737
24000000	6000000	58.8236
24000000	7000000	73.6771
24000000	8000000	46.6319
24000000	9000000	53.5581
24000000	10000000	62.1269
24000000	11000000	16.0956
24000000	12000000	34.4834
24000000	13000000	64.6806
24000000	14000000	61.3239
24000000	15000000	68.2952
24000000	16000000	77.1425
24000000	17000000	95.7163
24000000	18000000	89.5241
24000000	19000000	111.5922
24000000	20000000	106.1032
24000000	21000000	99.3955
24000000	22000000	218.4732
24000000	23000000	914.7446
24000000	24000000	2236.2415
24000000	25000000	575.2935
24000000	26000000	180.6949
24000000	27000000	119.4141
24000000	28000000	82.1472
24000000	29000000	95.3221
24000000	30000000	92.3802
24000000	31000000	75.4263
24000000	32000000	81.3467
24000000	33000000	95.2426
24000000	34000000	82.8102
24000000	35000000	62.1059
24000000	36000000	58.5093
24000000	37000000	66.5254
24000000	38000000	49.6962
24000000	39000000	72.7416
24000000	40000000	42.3542
24000000	41000000	42.4224
24000000	42000000	32.7659
24000000	43000000	35.4663
24000000	44000000	53.7614
24000000	45000000	62.6400
24000000	46000000	46.8155
24000000	47000000	47.7412
24000000	48000000	44.8222
24000000	49000000	51.9821
24000000	50000000	37.8164
24000000	51000000	42.1316
24000000	52000000	37.5011
24000000	53000000	37.6676
24000000	54000000	31.9511
24000000	55000000	31.5358
24000000	56000000	22.2412
24000000	57000000	34.0537
24000000	58000000	39.6682
24000000	59000000	38.4169
24000000	60000000	23.6635
25000000	1000000	31.8003
25000000	2000000	76.6247
25000000	3000000	98.9581
25000000	4000000	88.8924
25000000	5000000	87.1303
25000000	6000000	73.8413
25000000	7000000	82.2121
25000000	8000000	60.8162
25000000	9000000	52.6702
25000000	10000000	69.9083
25000000	11000000	17.0424
25000000	12000000	36.3710
25000000	13000000	77.4759
25000000	14000000	76.3678
25000000	15000000	90.2053
25000000	16000000	80.7776
25000000	17000000	107.7694
25000000	18000000	96.0768
25000000	19000000	101.8577
25000000	20000000	100.2003
25000000	21000000	96.3004
25000000	22000000	168.3029
25000000	23000000	299.9500
25000000	24000000	575.2935
25000000	25000000	2442.4976
25000000	26000000	601.8978
25000000	27000000	189.8517
25000000	28000000	106.7402
25000000	29000000	111.4255
25000000	30000000	108.5585
25000000	31000000	92.0428
25000000	32000000	92.3528
25000000	33000000	98.1039
25000000	34000000	92.2151
25000000	35000000	69.3527
25000000	36000000	57.0901
25000000	37000000	63.8598
25000000	38000000	57.4608
25000000	39000000	69.3604
25000000	40000000	46.4067
25000000	41000000	46.2951
25000000	42000000	32.0638
25000000	43000000	39.8245
25000000	44000000	70.8506
25000000	45000000	69.3636
25000000	46000000	55.2097
25000000	47000000	49.3246
25000000	48000000	37.0140
25000000	49000000	45.4335
25000000	50000000	45.2847
25000000	51000000	45.8613
25000000	52000000	49.5529
25000000	53000000	28.7504
25000000	54000000	31.6069
25000000	55000000	32.2297
25000000	56000000	26.7852
25000000	57000000	37.3520
25000000	58000000	38.2736
25000000	59000000	38.5477
25000000	60000000	22.8092
26000000	1000000	66.9522
26000000	2000000	105.8591
26000000	3000000	69.8899
26000000	4000000	101.1348
26000000	5000000	72.3334
26000000	6000000	94.0135
26000000	7000000	65.4843
26000000	8000000	96.3443
26000000	9000000	71.1915
26000000	10000000	132.1684
26000000	11000000	17.9892
26000000	12000000	73.0173
26000000	13000000	76.8622
26000000	14000000	83.5128
26000000	15000000	84.8642
26000000	16000000	132.1005
26000000	17000000	94.3725
26000000	18000000	100.6700
26000000	19000000	84.3841
26000000	20000000	146.3022
26000000	21000000	92.9389
26000000	22000000	141.1800
26000000	23000000	160.4118
26000000	24000000	180.6949
26000000	25000000	601.8978
26000000	26000000	3080.9821
26000000	27000000	763.3268
26000000	28000000	214.9565
26000000	29000000	145.5296
26000000	30000000	113.2013
26000000	31000000	84.9480
26000000	32000000	90.4199
26000000	33000000	105.9977
26000000	34000000	83.6038
26000000	35000000	128.8292
26000000	36000000	126.0712
26000000	37000000	94.5528
26000000	38000000	93.0496
26000000	39000000	81.3247
26000000	40000000	97.4104
26000000	41000000	74.7985
26000000	42000000	68.1554
26000000	43000000	89.5740
26000000	44000000	102.2524
26000000	45000000	61.5557
26000000	46000000	67.3424
26000000	47000000	46.8667
26000000	48000000	42.7412
26000000	49000000	51.0272
26000000	50000000	71.2874
26000000	51000000	76.0393
26000000	52000000	62.4438
26000000	53000000	62.9333
26000000	54000000	48.4227
26000000	55000000	50.9474
26000000	56000000	44.8973
26000000	57000000	40.7442
26000000	58000000	42.6991
26000000	59000000	47.3758
26000000	60000000	29.2786
27000000	1000000	57.0490
27000000	2000000	95.1554
27000000	3000000	66.3865
27000000	4000000	90.2585
27000000	5000000	69.2711
27000000	6000000	83.9993
27000000	7000000	70.8399
27000000	8000000	88.5614
27000000	9000000	67.0043
27000000	10000000	119.9918
27000000	11000000	28.4040
27000000	12000000	62.7929
27000000	13000000	74.0948
27000000	14000000	68.9528
27000000	15000000	85.8125
27000000	16000000	117.0454
27000000	17000000	93.3594
27000000	18000000	84.5011
27000000	19000000	79.3331
27000000	20000000	119.8065
27000000	21000000	83.6391
27000000	22000000	121.4334
27000000	23000000	126.2830
27000000	24000000	119.4141
27000000	25000000	189.8517
27000000	26000000	763.3268
27000000	27000000	3128.1673
27000000	28000000	546.7096
27000000	29000000	201.7497
27000000	30000000	143.1229
27000000	31000000	94.7865
27000000	32000000	92.6836
27000000	33000000	106.7556
27000000	34000000	82.9516
27000000	35000000	114.6989
27000000	36000000	109.0251
27000000	37000000	84.4236
27000000	38000000	89.9783
27000000	39000000	88.8781
27000000	40000000	106.9044
27000000	41000000	84.8901
27000000	42000000	60.1329
27000000	43000000	71.9978
27000000	44000000	86.5491
27000000	45000000	62.2386
27000000	46000000	57.0204
27000000	47000000	51.6529
27000000	48000000	46.5541
27000000	49000000	54.3741
27000000	50000000	65.0988
27000000	51000000	67.4348
27000000	52000000	59.3106
27000000	53000000	63.3655
27000000	54000000	48.1860
27000000	55000000	45.7325
27000000	56000000	45.5355
27000000	57000000	41.7162
27000000	58000000	51.9090
27000000	59000000	49.3287
27000000	60000000	26.1154
28000000	1000000	50.0027
28000000	2000000	96.3135
28000000	3000000	54.5641
28000000	4000000	97.1642
28000000	5000000	65.9587
28000000	6000000	76.4773
28000000	7000000	56.9186
28000000	8000000	86.8524
28000000	9000000	75.3359
28000000	10000000	104.7021
28000000	11000000	17.9892
28000000	12000000	58.2883
28000000	13000000	59.0606
28000000	14000000	65.9798
28000000	15000000	62.3204
28000000	16000000	117.9661
28000000	17000000	82.8124
28000000	18000000	80.1382
28000000	19000000	78.8875
28000000	20000000	124.7645
28000000	21000000	76.6301
28000000	22000000	83.8392
28000000	23000000	88.7815
28000000	24000000	82.1472
28000000	25000000	106.7402
28000000	26000000	214.9565
28000000	27000000	546.7096
28000000	28000000	3446.7803
28000000	29000000	846.2442
28000000	30000000	231.1537
28000000	31000000	117.9926
28000000	32000000	113.0377
28000000	33000000	135.9878
28000000	34000000	80.4815
28000000	35000000	152.0487
28000000	36000000	136.8666
28000000	37000000	105.0739
28000000	38000000	118.8949
28000000	39000000	90.2368
28000000	40000000	120.4991
28000000	41000000	90.6019
28000000	42000000	80.6394
28000000	43000000	102.0829
28000000	44000000	114.1609
28000000	45000000	58.9913
28000000	46000000	76.6457
28000000	47000000	56.5703
28000000	48000000	60.1044
28000000	49000000	63.1110
28000000	50000000	88.0181
28000000	51000000	78.6335
28000000	52000000	66.7827
28000000	53000000	73.6027
28000000	54000000	56.6405
28000000	55000000	68.5589
28000000	56000000	67.2806
28000000	57000000	55.1113
28000000	58000000	48.8745
28000000	59000000	57.2495
28000000	60000000	34.3632
29000000	1000000	32.2439
29000000	2000000	77.3377
29000000	3000000	63.6855
29000000	4000000	93.0637
29000000	5000000	76.3921
29000000	6000000	72.8339
29000000	7000000	63.2499
29000000	8000000	66.3873
29000000	9000000	61.6135
29000000	10000000	81.0054
29000000	11000000	16.0956
29000000	12000000	35.9831
29000000	13000000	66.8828
29000000	14000000	64.3318
29000000	15000000	77.6722
29000000	16000000	93.9263
29000000	17000000	97.4134
29000000	18000000	83.5873
29000000	19000000	91.2192
29000000	20000000	98.0268
29000000	21000000	77.8636
29000000	22000000	107.0819
29000000	23000000	99.8605
29000000	24000000	95.3221
29000000	25000000	111.4255
29000000	26000000	145.5296
29000000	27000000	201.7497
29000000	28000000	846.2442
29000000	29000000	3090.2974
29000000	30000000	559.0715
29000000	31000000	193.0339
29000000	32000000	164.0529
29000000	33000000	147.5842
29000000	34000000	113.2732
29000000	35000000	111.1562
29000000	36000000	85.3363
29000000	37000000	89.3695
29000000	38000000	100.6556
29000000	39000000	109.2902
29000000	40000000	77.6013
29000000	41000000	64.9623
29000000	42000000	51.5502
29000000	43000000	60.2747
29000000	44000000	94.0740
29000000	45000000	89.6244
29000000	46000000	89.8026
29000000	47000000	60.1097
29000000	48000000	69.2753
29000000	49000000	74.1456
29000000	50000000	65.6619
29000000	51000000	69.8943
29000000	52000000	65.6740
29000000	53000000	56.4100
29000000	54000000	47.8088
29000000	55000000	46.4430
29000000	56000000	37.3362
29000000	57000000	52.5603
29000000	58000000	61.1458
29000000	59000000	55.3124
29000000	60000000	36.2418
30000000	1000000	39.4762
30000000	2000000	65.4348
30000000	3000000	65.3498
30000000	4000000	65.7870
30000000	5000000	60.5149
30000000	6000000	64.9526
30000000	7000000	55.3409
30000000	8000000	65.4901
30000000	9000000	63.3817
30000000	10000000	69.4932
30000000	11000000	20.8296
30000000	12000000	34.1738
30000000	13000000	60.4445
30000000	14000000	59.4835
30000000	15000000	67.4868
30000000	16000000	82.4410
30000000	17000000	76.3346
30000000	18000000	95.8433
30000000	19000000	88.2364
30000000	20000000	98.4355
30000000	21000000	72.4139
30000000	22000000	105.6456
30000000	23000000	100.4402
30000000	24000000	92.3802
30000000	25000000	108.5585
30000000	26000000	113.2013
30000000	27000000	143.1229
30000000	28000000	231.1537
30000000	29000000	559.0715
30000000	30000000	2842.8786
30000000	31000000	772.1982
30000000	32000000	317.0365
30000000	33000000	206.2659
30000000	34000000	136.4430
30000000	35000000	126.9936
30000000	36000000	95.1942
30000000	37000000	92.5426
30000000	38000000	91.8150
30000000	39000000	106.9291
30000000	40000000	77.1261
30000000	41000000	75.4860
30000000	42000000	53.1323
30000000	43000000	49.2763
30000000	44000000	103.2113
30000000	45000000	86.3470
30000000	46000000	84.9397
30000000	47000000	66.8259
30000000	48000000	59.2097
30000000	49000000	71.5217
30000000	50000000	70.6532
30000000	51000000	76.9133
30000000	52000000	63.6584
30000000	53000000	49.5215
30000000	54000000	44.4501
30000000	55000000	43.1319
30000000	56000000	39.3330
30000000	57000000	52.6050
30000000	58000000	61.4420
30000000	59000000	57.1963
30000000	60000000	37.3956
31000000	1000000	24.7937
31000000	2000000	52.1754
31000000	3000000	49.1633
31000000	4000000	46.7284
31000000	5000000	51.1640
31000000	6000000	44.9344
31000000	7000000	49.1215
31000000	8000000	42.2713
31000000	9000000	41.7631
31000000	10000000	46.5974
31000000	11000000	14.2020
31000000	12000000	32.2082
31000000	13000000	48.3355
31000000	14000000	45.5740
31000000	15000000	58.8160
31000000	16000000	66.4983
31000000	17000000	73.1433
31000000	18000000	64.8550
31000000	19000000	73.1894
31000000	20000000	77.0221
31000000	21000000	55.8276
31000000	22000000	85.4291
31000000	23000000	86.3665
31000000	24000000	75.4263
31000000	25000000	92.0428
31000000	26000000	84.9480
31000000	27000000	94.7865
31000000	28000000	117.9926
31000000	29000000	193.0339
31000000	30000000	772.1982
31000000	31000000	2437.8184
31000000	32000000	967.1951
31000000	33000000	253.5656
31000000	34000000	131.4436
31000000	35000000	98.9568
31000000	36000000	83.8444
31000000	37000000	80.7634
31000000	38000000	72.1266
31000000	39000000	92.0022
31000000	40000000	53.9873
31000000	41000000	49.8069
31000000	42000000	39.2407
31000000	43000000	41.6743
31000000	44000000	93.1950
31000000	45000000	82.7912
31000000	46000000	69.8812
31000000	47000000	53.8308
31000000	48000000	51.2605
31000000	49000000	59.4759
31000000	50000000	58.1140
31000000	51000000	71.7287
31000000	52000000	53.3522
31000000	53000000	39.9582
31000000	54000000	35.4517
31000000	55000000	37.8183
31000000	56000000	28.0779
31000000	57000000	41.4528
31000000	58000000	59.9150
31000000	59000000	44.3601
31000000	60000000	37.5469
32000000	1000000	25.0960
32000000	2000000	51.2735
32000000	3000000	57.6663
32000000	4000000	56.9811
32000000	5000000	41.5531
32000000	6000000	52.3522
32000000	7000000	49.1271
32000000	8000000	51.7010
32000000	9000000	47.5052
32000000	10000000	67.3262
32000000	11000000	11.3616
32000000	12000000	26.8289
32000000	13000000	47.3095
32000000	14000000	50.8835
32000000	15000000	55.7994
32000000	16000000	68.5114
32000000	17000000	73.7358
32000000	18000000	71.3241
32000000	19000000	79.6068
32000000	20000000	84.8129
32000000	21000000	77.4275
32000000	22000000	80.8073
32000000	23000000	87.6389
32000000	24000000	81.3467
32000000	25000000	92.3528
32000000	26000000	90.4199
32000000	27000000	92.6836
32000000	28000000	113.0377
32000000	29000000	164.0529
32000000	30000000	317.0365
32000000	31000000	967.1951
32000000	32000000	2899.1237
32000000	33000000	539.2513
32000000	34000000	171.1493
32000000	35000000	128.4279
32000000	36000000	100.0924
32000000	37000000	90.3593
32000000	38000000	89.0087
32000000	39000000	99.1817
32000000	40000000	64.6855
32000000	41000000	56.7354
32000000	42000000	37.3307
32000000	43000000	47.7279
32000000	44000000	103.8494
32000000	45000000	87.3348
32000000	46000000	73.8013
32000000	47000000	72.1582
32000000	48000000	67.9212
32000000	49000000	77.0173
32000000	50000000	71.4903
32000000	51000000	73.8628
32000000	52000000	60.2560
32000000	53000000	40.9297
32000000	54000000	44.1996
32000000	55000000	40.9614
32000000	56000000	30.9945
32000000	57000000	46.6487
32000000	58000000	55.3916
32000000	59000000	56.8213
32000000	60000000	40.6549
33000000	1000000	33.8738
33000000	2000000	61.7380
33000000	3000000	52.7620
33000000	4000000	56.1720
33000000	5000000	55.4297
33000000	6000000	54.3632
33000000	7000000	61.7937
33000000	8000000	60.6541
33000000	9000000	60.5212
33000000	10000000	70.0483
33000000	11000000	6.6276
33000000	12000000	42.0990
33000000	13000000	57.2046
33000000	14000000	51.8332
33000000	15000000	59.4520
33000000	16000000	82.6597
33000000	17000000	74.3186
33000000	18000000	81.9552
33000000	19000000	88.5097
33000000	20000000	94.3921
33000000	21000000	75.4438
33000000	22000000	100.1585
33000000	23000000	87.9005
33000000	24000000	95.2426
33000000	25000000	98.1039
33000000	26000000	105.9977
33000000	27000000	106.7556
33000000	28000000	135.9878
33000000	29000000	147.5842
33000000	30000000	206.2659
33000000	31000000	253.5656
33000000	32000000	539.2513
33000000	33000000	3385.0440
33000000	34000000	728.5703
33000000	35000000	338.3721
33000000	36000000	153.1747
33000000	37000000	128.9129
33000000	38000000	113.7361
33000000	39000000	119.0396
33000000	40000000	87.4797
33000000	41000000	73.7755
33000000	42000000	52.9187
33000000	43000000	59.0879
33000000	44000000	133.4220
33000000	45000000	94.8758
33000000	46000000	100.7607
33000000	47000000	73.9092
33000000	48000000	71.1001
33000000	49000000	92.1459
33000000	50000000	79.5575
33000000	51000000	89.9877
33000000	52000000	63.5024
33000000	53000000	65.8350
33000000	54000000	47.3236
33000000	55000000	51.8078
33000000	56000000	40.1329
33000000	57000000	55.1044
33000000	58000000	68.6519
33000000	59000000	64.9031
33000000	60000000	45.6141
34000000	1000000	23.5756
34000000	2000000	46.7067
34000000	3000000	42.5118
34000000	4000000	45.1211
34000000	5000000	41.3723
34000000	6000000	47.5233
34000000	7000000	60.5770
34000000	8000000	39.1961
34000000	9000000	45.1513
34000000	10000000	49.5926
34000000	11000000	7.5744
34000000	12000000	29.2255
34000000	13000000	47.4315
34000000	14000000	47.8793
34000000	15000000	53.9064
34000000	16000000	59.7222
34000000	17000000	69.1710
34000000	18000000	61.4944
34000000	19000000	67.0661
34000000	20000000	80.8933
34000000	21000000	50.4215
34000000	22000000	75.8582
34000000	23000000	91.2097
34000000	24000000	82.8102
34000000	25000000	92.2151
34000000	26000000	83.6038
34000000	27000000	82.9516
34000000	28000000	80.4815
34000000	29000000	113.2732
34000000	30000000	136.4430
34000000	31000000	131.4436
34000000	32000000	171.1493
34000000	33000000	728.5703
34000000	34000000	2561.2219
34000000	35000000	533.6672
34000000	36000000	95.9703
34000000	37000000	103.5834
34000000	38000000	86.6642
34000000	39000000	98.4307
34000000	40000000	50.7187
34000000	41000000	51.1978
34000000	42000000	31.8625
34000000	43000000	45.5534
34000000	44000000	93.0110
34000000	45000000	99.0837
34000000	46000000	82.8589
34000000	47000000	78.6082
34000000	48000000	72.8518
34000000	49000000	79.7144
34000000	50000000	55.7927
34000000	51000000	63.8287
34000000	52000000	53.2104
34000000	53000000	40.0328
34000000	54000000	36.5622
34000000	55000000	41.4134
34000000	56000000	29.6907
34000000	57000000	46.8787
34000000	58000000	69.2941
34000000	59000000	55.3167
34000000	60000000	46.6933
35000000	1000000	42.4083
35000000	2000000	73.1591
35000000	3000000	41.1276
35000000	4000000	63.4506
35000000	5000000	45.8746
35000000	6000000	62.9633
35000000	7000000	49.9311
35000000	8000000	76.8430
35000000	9000000	50.0173
35000000	10000000	99.1522
35000000	11000000	15.1488
35000000	12000000	55.6397
35000000	13000000	55.3797
35000000	14000000	61.8869
35000000	15000000	62.6456
35000000	16000000	97.0158
35000000	17000000	73.7144
35000000	18000000	71.4594
35000000	19000000	65.1271
35000000	20000000	113.5980
35000000	21000000	69.5051
35000000	22000000	79.1276
35000000	23000000	74.5687
35000000	24000000	62.1059
35000000	25000000	69.3527
35000000	26000000	128.8292
35000000	27000000	114.6989
35000000	28000000	152.0487
35000000	29000000	111.1562
35000000	30000000	126.9936
35000000	31000000	98.9568
35000000	32000000	128.4279
35000000	33000000	338.3721
35000000	34000000	533.6672
35000000	35000000	3238.1570
35000000	36000000	645.9441
35000000	37000000	171.7720
35000000	38000000	172.9639
35000000	39000000	113.2719
35000000	40000000	156.1733
35000000	41000000	119.5797
35000000	42000000	107.4491
35000000	43000000	121.8512
35000000	44000000	155.5008
35000000	45000000	73.3377
35000000	46000000	95.4632
35000000	47000000	72.1592
35000000	48000000	68.3356
35000000	49000000	81.3499
35000000	50000000	133.9749
35000000	51000000	104.1120
35000000	52000000	84.9190
35000000	53000000	101.0571
35000000	54000000	71.8130
35000000	55000000	73.0104
35000000	56000000	75.7623
35000000	57000000	53.8707
35000000	58000000	58.3061
35000000	59000000	66.4389
35000000	60000000	34.4166
36000000	1000000	45.3159
36000000	2000000	80.1863
36000000	3000000	32.1574
36000000	4000000	59.7910
36000000	5000000	38.9985
36000000	6000000	58.0519
36000000	7000000	43.3983
36000000	8000000	80.9733
36000000	9000000	70.4849
36000000	10000000	96.2506
36000000	11000000	22.7232
36000000	12000000	58.0528
36000000	13000000	47.8859
36000000	14000000	52.0239
36000000	15000000	52.3537
36000000	16000000	96.6676
36000000	17000000	60.0790
36000000	18000000	61.2720
36000000	19000000	62.6074
36000000	20000000	105.9938
36000000	21000000	56.3197
36000000	22000000	67.8411
36000000	23000000	63.5507
36000000	24000000	58.5093
36000000	25000000	57.0901
36000000	26000000	126.0712
36000000	27000000	109.0251
36000000	28000000	136.8666
36000000	29000000	85.3363
36000000	30000000	95.1942
36000000	31000000	83.8444
36000000	32000000	100.0924
36000000	33000000	153.1747
36000000	34000000	95.9703
36000000	35000000	645.9441
36000000	36000000	3908.1904
36000000	37000000	712.6673
36000000	38000000	309.6159
36000000	39000000	122.1273
36000000	40000000	207.3221
36000000	41000000	147.0144
36000000	42000000	128.8387
36000000	43000000	167.7030
36000000	44000000	157.0403
36000000	45000000	70.3872
36000000	46000000	91.5913
36000000	47000000	65.1672
36000000	48000000	69.2308
36000000	49000000	70.9898
36000000	50000000	138.2196
36000000	51000000	87.4506
36000000	52000000	79.7393
36000000	53000000	113.7237
36000000	54000000	79.7989
36000000	55000000	89.9254
36000000	56000000	101.9853
36000000	57000000	59.9833
36000000	58000000	56.2256
36000000	59000000	69.3733
36000000	60000000	34.8635
37000000	1000000	27.4055
37000000	2000000	57.5648
37000000	3000000	42.0469
37000000	4000000	62.0734
37000000	5000000	47.8833
37000000	6000000	51.6009
37000000	7000000	51.2587
37000000	8000000	62.4217
37000000	9000000	54.6580
37000000	10000000	81.7656
37000000	11000000	19.8828
37000000	12000000	41.8235
37000000	13000000	56.9285
37000000	14000000	52.9176
37000000	15000000	62.1651
37000000	16000000	74.2982
37000000	17000000	70.7820
37000000	18000000	58.5794
37000000	19000000	65.3784
37000000	20000000	82.3676
37000000	21000000	58.9959
37000000	22000000	63.6591
37000000	23000000	65.8458
37000000	24000000	66.5254
37000000	25000000	63.8598
37000000	26000000	94.5528
37000000	27000000	84.4236
37000000	28000000	105.0739
37000000	29000000	89.3695
37000000	30000000	92.5426
37000000	31000000	80.7634
37000000	32000000	90.3593
37000000	33000000	128.9129
37000000	34000000	103.5834
37000000	35000000	171.7720
37000000	36000000	712.6673
37000000	37000000	2604.3632
37000000	38000000	908.3578
37000000	39000000	205.8652
37000000	40000000	142.1558
37000000	41000000	109.8881
37000000	42000000	77.7786
37000000	43000000	92.9914
37000000	44000000	130.2431
37000000	45000000	104.0288
37000000	46000000	108.4256
37000000	47000000	85.4963
37000000	48000000	84.8849
37000000	49000000	93.4293
37000000	50000000	92.8739
37000000	51000000	84.0005
37000000	52000000	76.8914
37000000	53000000	79.1277
37000000	54000000	68.1156
37000000	55000000	66.7766
37000000	56000000	64.5041
37000000	57000000	54.0945
37000000	58000000	67.3926
37000000	59000000	72.3874
37000000	60000000	42.7852
38000000	1000000	35.4221
38000000	2000000	62.4437
38000000	3000000	37.7956
38000000	4000000	50.4847
38000000	5000000	38.5096
38000000	6000000	53.3099
38000000	7000000	43.7463
38000000	8000000	62.0097
38000000	9000000	53.3797
38000000	10000000	83.9946
38000000	11000000	13.2552
38000000	12000000	43.7775
38000000	13000000	46.3916
38000000	14000000	52.9881
38000000	15000000	54.9551
38000000	16000000	83.8626
38000000	17000000	56.8130
38000000	18000000	60.3553
38000000	19000000	52.2434
38000000	20000000	97.7715
38000000	21000000	49.1611
38000000	22000000	64.9257
38000000	23000000	63.6164
38000000	24000000	49.6962
38000000	25000000	57.4608
38000000	26000000	93.0496
38000000	27000000	89.9783
38000000	28000000	118.8949
38000000	29000000	100.6556
38000000	30000000	91.8150
38000000	31000000	72.1266
38000000	32000000	89.0087
38000000	33000000	113.7361
38000000	34000000	86.6642
38000000	35000000	172.9639
38000000	36000000	309.6159
38000000	37000000	908.3578
38000000	38000000	3202.8598
38000000	39000000	574.1373
38000000	40000000	287.7014
38000000	41000000	134.5354
38000000	42000000	107.3875
38000000	43000000	128.9893
38000000	44000000	135.6578
38000000	45000000	94.3778
38000000	46000000	112.4906
38000000	47000000	71.2542
38000000	48000000	80.7955
38000000	49000000	96.3450
38000000	50000000	123.1486
38000000	51000000	92.1937
38000000	52000000	89.4824
38000000	53000000	100.8619
38000000	54000000	82.2000
38000000	55000000	73.9920
38000000	56000000	84.3292
38000000	57000000	77.3229
38000000	58000000	69.9777
38000000	59000000	82.7520
38000000	60000000	33.6179
39000000	1000000	27.6949
39000000	2000000	49.9899
39000000	3000000	46.0797
39000000	4000000	50.7483
39000000	5000000	43.9607
39000000	6000000	41.3137
39000000	7000000	45.4675
39000000	8000000	52.9864
39000000	9000000	42.2021
39000000	10000000	63.8039
39000000	11000000	10.4148
39000000	12000000	27.5187
39000000	13000000	57.0789
39000000	14000000	50.3630
39000000	15000000	63.4876
39000000	16000000	77.4784
39000000	17000000	59.9393
39000000	18000000	62.7386
39000000	19000000	67.4291
39000000	20000000	82.4504
39000000	21000000	54.1429
39000000	22000000	62.1599
39000000	23000000	67.4334
39000000	24000000	72.7416
39000000	25000000	69.3604
39000000	26000000	81.3247
39000000	27000000	88.8781
39000000	28000000	90.2368
39000000	29000000	109.2902
39000000	30000000	106.9291
39000000	31000000	92.0022
39000000	32000000	99.1817
39000000	33000000	119.0396
39000000	34000000	98.4307
39000000	35000000	113.2719
39000000	36000000	122.1273
39000000	37000000	205.8652
39000000	38000000	574.1373
39000000	39000000	2812.2224
39000000	40000000	526.4508
39000000	41000000	138.6029
39000000	42000000	71.9909
39000000	43000000	80.4886
39000000	44000000	147.0936
39000000	45000000	120.6324
39000000	46000000	141.4743
39000000	47000000	101.8108
39000000	48000000	101.7174
39000000	49000000	119.4259
39000000	50000000	86.1528
39000000	51000000	98.6269
39000000	52000000	82.1287
39000000	53000000	68.8329
39000000	54000000	62.8073
39000000	55000000	58.8124
39000000	56000000	46.7089
39000000	57000000	88.3234
39000000	58000000	89.4647
39000000	59000000	83.7848
39000000	60000000	57.2762
40000000	1000000	35.5250
40000000	2000000	61.8922
40000000	3000000	31.7866
40000000	4000000	48.1020
40000000	5000000	36.8267
40000000	6000000	50.5830
40000000	7000000	35.1227
40000000	8000000	68.7251
40000000	9000000	56.2527
40000000	10000000	74.3815
40000000	11000000	9.4680
40000000	12000000	45.2657
40000000	13000000	44.1361
40000000	14000000	45.4286
40000000	15000000	51.0829
40000000	16000000	94.0255
40000000	17000000	49.0543
40000000	18000000	62.8781
40000000	19000000	49.3824
40000000	20000000	87.1276
40000000	21000000	49.1927
40000000	22000000	54.2250
40000000	23000000	48.0610
40000000	24000000	42.3542
40000000	25000000	46.4067
40000000	26000000	97.4104
40000000	27000000	106.9044
40000000	28000000	120.4991
40000000	29000000	77.6013
40000000	30000000	77.1261
40000000	31000000	53.9873
40000000	32000000	64.6855
40000000	33000000	87.4797
40000000	34000000	50.7187
40000000	35000000	156.1733
40000000	36000000	207.3221
40000000	37000000	142.1558
40000000	38000000	287.7014
40000000	39000000	526.4508
40000000	40000000	4021.1936
40000000	41000000	529.2360
40000000	42000000	212.9742
40000000	43000000	195.9794
40000000	44000000	148.9852
40000000	45000000	72.6340
40000000	46000000	94.9648
40000000	47000000	59.5604
40000000	48000000	58.7590
40000000	49000000	69.6035
40000000	50000000	138.3225
40000000	51000000	86.2462
40000000	52000000	85.7690
40000000	53000000	129.6490
40000000	54000000	89.2899
40000000	55000000	92.0626
40000000	56000000	120.3102
40000000	57000000	65.0868
40000000	58000000	53.3961
40000000	59000000	73.6086
40000000	60000000	38.9848
41000000	1000000	38.3910
41000000	2000000	59.8567
41000000	3000000	39.7619
41000000	4000000	49.4372
41000000	5000000	40.9500
41000000	6000000	50.1956
41000000	7000000	48.4951
41000000	8000000	62.5623
41000000	9000000	52.4353
41000000	10000000	71.4860
41000000	11000000	15.1488
41000000	12000000	40.6313
41000000	13000000	54.7992
41000000	14000000	49.7614
41000000	15000000	60.7435
41000000	16000000	74.4425
41000000	17000000	55.0557
41000000	18000000	54.3015
41000000	19000000	50.4386
41000000	20000000	68.9435
41000000	21000000	49.2240
41000000	22000000	54.2472
41000000	23000000	54.8843
41000000	24000000	42.4224
41000000	25000000	46.2951
41000000	26000000	74.7985
41000000	27000000	84.8901
41000000	28000000	90.6019
41000000	29000000	64.9623
41000000	30000000	75.4860
41000000	31000000	49.8069
41000000	32000000	56.7354
41000000	33000000	73.7755
41000000	34000000	51.1978
41000000	35000000	119.5797
41000000	36000000	147.0144
41000000	37000000	109.8881
41000000	38000000	134.5354
41000000	39000000	138.6029
41000000	40000000	529.2360
41000000	41000000	2976.1022
41000000	42000000	643.0011
41000000	43000000	191.3335
41000000	44000000	137.8280
41000000	45000000	77.1812
41000000	46000000	83.0845
41000000	47000000	65.5553
41000000	48000000	58.6237
41000000	49000000	61.4201
41000000	50000000	104.0323
41000000	51000000	76.2899
41000000	52000000	89.5125
41000000	53000000	100.2629
41000000	54000000	101.7166
41000000	55000000	96.2567
41000000	56000000	94.9456
41000000	57000000	55.6141
41000000	58000000	69.1319
41000000	59000000	70.3657
41000000	60000000	35.4935
42000000	1000000	26.3756
42000000	2000000	48.6941
42000000	3000000	25.1453
42000000	4000000	40.0784
42000000	5000000	24.8886
42000000	6000000	43.4179
42000000	7000000	29.7553
42000000	8000000	43.5468
42000000	9000000	42.7749
42000000	10000000	63.2086
42000000	11000000	12.3084
42000000	12000000	40.6816
42000000	13000000	36.6923
42000000	14000000	38.0771
42000000	15000000	36.5069
42000000	16000000	52.5066
42000000	17000000	41.2046
42000000	18000000	31.9890
42000000	19000000	31.3579
42000000	20000000	52.6134
42000000	21000000	32.4065
42000000	22000000	39.6570
42000000	23000000	32.0773
42000000	24000000	32.7659
42000000	25000000	32.0638
42000000	26000000	68.1554
42000000	27000000	60.1329
42000000	28000000	80.6394
42000000	29000000	51.5502
42000000	30000000	53.1323
42000000	31000000	39.2407
42000000	32000000	37.3307
42000000	33000000	52.9187
42000000	34000000	31.8625
42000000	35000000	107.4491
42000000	36000000	128.8387
42000000	37000000	77.7786
42000000	38000000	107.3875
42000000	39000000	71.9909
42000000	40000000	212.9742
42000000	41000000	643.0011
42000000	42000000	2658.1503
42000000	43000000	528.6363
42000000	44000000	123.3985
42000000	45000000	49.8951
42000000	46000000	59.4145
42000000	47000000	36.8295
42000000	48000000	36.5811
42000000	49000000	47.4105
42000000	50000000	96.0724
42000000	51000000	70.3951
42000000	52000000	67.6854
42000000	53000000	111.8286
42000000	54000000	86.5556
42000000	55000000	83.2550
42000000	56000000	112.3053
42000000	57000000	47.2648
42000000	58000000	43.9518
42000000	59000000	53.4689
42000000	60000000	20.8134
43000000	1000000	33.6511
43000000	2000000	59.3842
43000000	3000000	27.5682
43000000	4000000	42.6822
43000000	5000000	30.4712
43000000	6000000	46.1622
43000000	7000000	33.2933
43000000	8000000	56.3937
43000000	9000000	45.8262
43000000	10000000	59.7107
43000000	11000000	15.1488
43000000	12000000	39.2881
43000000	13000000	36.5656
43000000	14000000	38.9355
43000000	15000000	39.7530
43000000	16000000	67.0689
43000000	17000000	41.7670
43000000	18000000	35.1530
43000000	19000000	42.6781
43000000	20000000	70.5492
43000000	21000000	39.2396
43000000	22000000	45.6506
43000000	23000000	37.6528
43000000	24000000	35.4663
43000000	25000000	39.8245
43000000	26000000	89.5740
43000000	27000000	71.9978
43000000	28000000	102.0829
43000000	29000000	60.2747
43000000	30000000	49.2763
43000000	31000000	41.6743
43000000	32000000	47.7279
43000000	33000000	59.0879
43000000	34000000	45.5534
43000000	35000000	121.8512
43000000	36000000	167.7030
43000000	37000000	92.9914
43000000	38000000	128.9893
43000000	39000000	80.4886
43000000	40000000	195.9794
43000000	41000000	191.3335
43000000	42000000	528.6363
43000000	43000000	3690.4151
43000000	44000000	686.2601
43000000	45000000	88.5764
43000000	46000000	96.7409
43000000	47000000	55.7001
43000000	48000000	45.6713
43000000	49000000	53.7518
43000000	50000000	159.9155
43000000	51000000	99.8092
43000000	52000000	83.6093
43000000	53000000	156.7668
43000000	54000000	104.8374
43000000	55000000	101.5223
43000000	56000000	177.1759
43000000	57000000	62.7977
43000000	58000000	50.6767
43000000	59000000	80.1333
43000000	60000000	28.4625
44000000	1000000	30.6373
44000000	2000000	56.4659
44000000	3000000	43.4537
44000000	4000000	54.4296
44000000	5000000	46.4188
44000000	6000000	48.7560
44000000	7000000	37.1557
44000000	8000000	51.0296
44000000	9000000	32.8601
44000000	10000000	47.8536
44000000	11000000	10.4148
44000000	12000000	34.2773
44000000	13000000	58.3609
44000000	14000000	44.7376
44000000	15000000	45.8084
44000000	16000000	75.8929
44000000	17000000	67.6063
44000000	18000000	65.1888
44000000	19000000	62.2990
44000000	20000000	70.1701
44000000	21000000	53.6108
44000000	22000000	67.2947
44000000	23000000	65.1792
44000000	24000000	53.7614
44000000	25000000	70.8506
44000000	26000000	102.2524
44000000	27000000	86.5491
44000000	28000000	114.1609
44000000	29000000	94.0740
44000000	30000000	103.2113
44000000	31000000	93.1950
44000000	32000000	103.8494
44000000	33000000	133.4220
44000000	34000000	93.0110
44000000	35000000	155.5008
44000000	36000000	157.0403
44000000	37000000	130.2431
44000000	38000000	135.6578
44000000	39000000	147.0936
44000000	40000000	148.9852
44000000	41000000	137.8280
44000000	42000000	123.3985
44000000	43000000	686.2601
44000000	44000000	4142.2130
44000000	45000000	816.0682
44000000	46000000	341.2805
44000000	47000000	165.5028
44000000	48000000	130.3240
44000000	49000000	163.9805
44000000	50000000	160.7914
44000000	51000000	163.1500
44000000	52000000	161.6475
44000000	53000000	141.6987
44000000	54000000	93.5726
44000000	55000000	112.9961
44000000	56000000	116.1493
44000000	57000000	154.5941
44000000	58000000	144.5089
44000000	59000000	150.7159
44000000	60000000	94.3010
45000000	1000000	16.6283
45000000	2000000	33.1289
45000000	3000000	36.7791
45000000	4000000	36.0935
45000000	5000000	34.0597
45000000	6000000	39.6992
45000000	7000000	36.7459
45000000	8000000	35.1900
45000000	9000000	36.6818
45000000	10000000	50.0080
45000000	11000000	9.4680
45000000	12000000	24.2122
45000000	13000000	38.4710
45000000	14000000	38.0010
45000000	15000000	46.1313
45000000	16000000	53.5281
45000000	17000000	55.6173
45000000	18000000	52.5118
45000000	19000000	54.4555
45000000	20000000	49.7819
45000000	21000000	40.6534
45000000	22000000	51.8681
45000000	23000000	60.0533
45000000	24000000	62.6400
45000000	25000000	69.3636
45000000	26000000	61.5557
45000000	27000000	62.2386
45000000	28000000	58.9913
45000000	29000000	89.6244
45000000	30000000	86.3470
45000000	31000000	82.7912
45000000	32000000	87.3348
45000000	33000000	94.8758
45000000	34000000	99.0837
45000000	35000000	73.3377
45000000	36000000	70.3872
45000000	37000000	104.0288
45000000	38000000	94.3778
45000000	39000000	120.6324
45000000	40000000	72.6340
45000000	41000000	77.1812
45000000	42000000	49.8951
45000000	43000000	88.5764
45000000	44000000	816.0682
45000000	45000000	2378.1316
45000000	46000000	711.1329
45000000	47000000	254.4621
45000000	48000000	159.1394
45000000	49000000	160.3831
45000000	50000000	97.6986
45000000	51000000	115.7707
45000000	52000000	117.9485
45000000	53000000	62.4042
45000000	54000000	73.9682
45000000	55000000	64.9191
45000000	56000000	40.1398
45000000	57000000	114.7302
45000000	58000000	161.0810
45000000	59000000	124.0559
45000000	60000000	80.9185
46000000	1000000	21.2231
46000000	2000000	36.2795
46000000	3000000	29.4128
46000000	4000000	34.9998
46000000	5000000	27.1355
46000000	6000000	36.1811
46000000	7000000	30.1575
46000000	8000000	28.6591
46000000	9000000	28.8433
46000000	10000000	48.0460
46000000	11000000	11.3616
46000000	12000000	20.1734
46000000	13000000	40.8225
46000000	14000000	46.1651
46000000	15000000	39.1282
46000000	16000000	52.0368
46000000	17000000	50.1376
46000000	18000000	48.5222
46000000	19000000	50.6861
46000000	20000000	58.4192
46000000	21000000	38.7990
46000000	22000000	54.1041
46000000	23000000	55.0831
46000000	24000000	46.8155
46000000	25000000	55.2097
46000000	26000000	67.3424
46000000	27000000	57.0204
46000000	28000000	76.6457
46000000	29000000	89.8026
46000000	30000000	84.9397
46000000	31000000	69.8812
46000000	32000000	73.8013
46000000	33000000	100.7607
46000000	34000000	82.8589
46000000	35000000	95.4632
46000000	36000000	91.5913
46000000	37000000	108.4256
46000000	38000000	112.4906
46000000	39000000	141.4743
46000000	40000000	94.9648
46000000	41000000	83.0845
46000000	42000000	59.4145
46000000	43000000	96.7409
46000000	44000000	341.2805
46000000	45000000	711.1329
46000000	46000000	2570.9556
46000000	47000000	823.1574
46000000	48000000	297.0818
46000000	49000000	251.2308
46000000	50000000	162.8798
46000000	51000000	155.4175
46000000	52000000	133.7510
46000000	53000000	85.8905
46000000	54000000	95.3251
46000000	55000000	71.6679
46000000	56000000	65.1242
46000000	57000000	145.1722
46000000	58000000	156.2538
46000000	59000000	141.3909
46000000	60000000	84.6704
47000000	1000000	17.1881
47000000	2000000	32.2186
47000000	3000000	27.8863
47000000	4000000	31.8433
47000000	5000000	29.7082
47000000	6000000	24.6444
47000000	7000000	24.1846
47000000	8000000	24.4787
47000000	9000000	25.1623
47000000	10000000	34.0196
47000000	11000000	8.5212
47000000	12000000	17.9491
47000000	13000000	27.0026
47000000	14000000	25.5940
47000000	15000000	31.4837
47000000	16000000	38.8816
47000000	17000000	40.4237
47000000	18000000	40.9006
47000000	19000000	38.9987
47000000	20000000	42.8049
47000000	21000000	35.9067
47000000	22000000	41.0255
47000000	23000000	44.8171
47000000	24000000	47.7412
47000000	25000000	49.3246
47000000	26000000	46.8667
47000000	27000000	51.6529
47000000	28000000	56.5703
47000000	29000000	60.1097
47000000	30000000	66.8259
47000000	31000000	53.8308
47000000	32000000	72.1582
47000000	33000000	73.9092
47000000	34000000	78.6082
47000000	35000000	72.1592
47000000	36000000	65.1672
47000000	37000000	85.4963
47000000	38000000	71.2542
47000000	39000000	101.8108
47000000	40000000	59.5604
47000000	41000000	65.5553
47000000	42000000	36.8295
47000000	43000000	55.7001
47000000	44000000	165.5028
47000000	45000000	254.4621
47000000	46000000	823.1574
47000000	47000000	2273.1926
47000000	48000000	793.2248
47000000	49000000	316.8681
47000000	50000000	136.1132
47000000	51000000	118.4145
47000000	52000000	119.4239
47000000	53000000	65.2155
47000000	54000000	69.3517
47000000	55000000	56.6063
47000000	56000000	41.1655
47000000	57000000	120.3701
47000000	58000000	150.0940
47000000	59000000	115.9814
47000000	60000000	72.9328
48000000	1000000	15.0123
48000000	2000000	37.0147
48000000	3000000	24.7457
48000000	4000000	30.9974
48000000	5000000	27.0247
48000000	6000000	28.4638
48000000	7000000	27.9484
48000000	8000000	22.6368
48000000	9000000	27.2401
48000000	10000000	32.7234
48000000	11000000	11.3616
48000000	12000000	13.3129
48000000	13000000	23.7863
48000000	14000000	32.4979
48000000	15000000	33.7701
48000000	16000000	40.0268
48000000	17000000	39.2420
48000000	18000000	35.7958
48000000	19000000	42.0887
48000000	20000000	46.2360
48000000	21000000	32.3700
48000000	22000000	43.9304
48000000	23000000	46.1882
48000000	24000000	44.8222
48000000	25000000	37.0140
48000000	26000000	42.7412
48000000	27000000	46.5541
48000000	28000000	60.1044
48000000	29000000	69.2753
48000000	30000000	59.2097
48000000	31000000	51.2605
48000000	32000000	67.9212
48000000	33000000	71.1001
48000000	34000000	72.8518
48000000	35000000	68.3356
48000000	36000000	69.2308
48000000	37000000	84.8849
48000000	38000000	80.7955
48000000	39000000	101.7174
48000000	40000000	58.7590
48000000	41000000	58.6237
48000000	42000000	36.5811
48000000	43000000	45.6713
48000000	44000000	130.3240
48000000	45000000	159.1394
48000000	46000000	297.0818
48000000	47000000	793.2248
48000000	48000000	2215.0316
48000000	49000000	789.0687
48000000	50000000	188.7214
48000000	51000000	161.0255
48000000	52000000	109.1566
48000000	53000000	60.7919
48000000	54000000	68.4623
48000000	55000000	60.9117
48000000	56000000	43.7851
48000000	57000000	105.3468
48000000	58000000	133.6600
48000000	59000000	106.0265
48000000	60000000	77.5648
49000000	1000000	13.6999
49000000	2000000	37.1211
49000000	3000000	32.2307
49000000	4000000	35.6384
49000000	5000000	29.2152
49000000	6000000	29.0163
49000000	7000000	31.9517
49000000	8000000	25.4046
49000000	9000000	31.9335
49000000	10000000	31.6124
49000000	11000000	11.3616
49000000	12000000	19.9421
49000000	13000000	37.1605
49000000	14000000	32.6086
49000000	15000000	31.4549
49000000	16000000	45.6149
49000000	17000000	49.5576
49000000	18000000	38.8433
49000000	19000000	45.3679
49000000	20000000	48.7873
49000000	21000000	42.3526
49000000	22000000	49.7049
49000000	23000000	50.1693
49000000	24000000	51.9821
49000000	25000000	45.4335
49000000	26000000	51.0272
49000000	27000000	54.3741
49000000	28000000	63.1110
49000000	29000000	74.1456
49000000	30000000	71.5217
49000000	31000000	59.4759
49000000	32000000	77.0173
49000000	33000000	92.1459
49000000	34000000	79.7144
49000000	35000000	81.3499
49000000	36000000	70.9898
49000000	37000000	93.4293
49000000	38000000	96.3450
49000000	39000000	119.4259
49000000	40000000	69.6035
49000000	41000000	61.4201
49000000	42000000	47.4105
49000000	43000000	53.7518
49000000	44000000	163.9805
49000000	45000000	160.3831
49000000	46000000	251.2308
49000000	47000000	316.8681
49000000	48000000	789.0687
49000000	49000000	2419.8680
49000000	50000000	514.8569
49000000	51000000	222.0447
49000000	52000000	155.2629
49000000	53000000	77.5971
49000000	54000000	85.8790
49000000	55000000	72.3335
49000000	56000000	57.4296
49000000	57000000	125.8581
49000000	58000000	162.6905
49000000	59000000	125.7360
49000000	60000000	71.7604
50000000	1000000	26.3650
50000000	2000000	48.8829
50000000	3000000	32.2769
50000000	4000000	37.0833
50000000	5000000	34.2295
50000000	6000000	37.6710
50000000	7000000	30.8304
50000000	8000000	36.6658
50000000	9000000	49.2269
50000000	10000000	57.0206
50000000	11000000	12.3084
50000000	12000000	28.1965
50000000	13000000	31.3112
50000000	14000000	41.2946
50000000	15000000	35.1746
50000000	16000000	57.9086
50000000	17000000	41.2641
50000000	18000000	37.0083
50000000	19000000	44.5036
50000000	20000000	65.0748
50000000	21000000	40.7372
50000000	22000000	47.7706
50000000	23000000	44.0270
50000000	24000000	37.8164
50000000	25000000	45.2847
50000000	26000000	71.2874
50000000	27000000	65.0988
50000000	28000000	88.0181
50000000	29000000	65.6619
50000000	30000000	70.6532
50000000	31000000	58.1140
50000000	32000000	71.4903
50000000	33000000	79.5575
50000000	34000000	55.7927
50000000	35000000	133.9749
50000000	36000000	138.2196
50000000	37000000	92.8739
50000000	38000000	123.1486
50000000	39000000	86.1528
50000000	40000000	138.3225
50000000	41000000	104.0323
50000000	42000000	96.0724
50000000	43000000	159.9155
50000000	44000000	160.7914
50000000	45000000	97.6986
50000000	46000000	162.8798
50000000	47000000	136.1132
50000000	48000000	188.7214
50000000	49000000	514.8569
50000000	50000000	3364.0816
50000000	51000000	729.9754
50000000	52000000	222.0322
50000000	53000000	188.5975
50000000	54000000	122.4062
50000000	55000000	114.2023
50000000	56000000	168.8133
50000000	57000000	113.3935
50000000	58000000	99.0732
50000000	59000000	139.3062
50000000	60000000	51.8431
51000000	1000000	25.0902
51000000	2000000	33.5623
51000000	3000000	27.4420
51000000	4000000	38.3207
51000000	5000000	34.8870
51000000	6000000	36.9746
51000000	7000000	32.4034
51000000	8000000	33.2133
51000000	9000000	31.6272
51000000	10000000	58.6401
51000000	11000000	12.3084
51000000	12000000	24.9150
51000000	13000000	35.4601
51000000	14000000	32.1538
51000000	15000000	34.7326
51000000	16000000	49.5410
51000000	17000000	42.7140
51000000	18000000	44.4612
51000000	19000000	41.3625
51000000	20000000	56.9541
51000000	21000000	46.4614
51000000	22000000	45.3946
51000000	23000000	44.7212
51000000	24000000	42.1316
51000000	25000000	45.8613
51000000	26000000	76.0393
51000000	27000000	67.4348
51000000	28000000	78.6335
51000000	29000000	69.8943
51000000	30000000	76.9133
51000000	31000000	71.7287
51000000	32000000	73.8628
51000000	33000000	89.9877
51000000	34000000	63.8287
51000000	35000000	104.1120
51000000	36000000	87.4506
51000000	37000000	84.0005
51000000	38000000	92.1937
51000000	39000000	98.6269
51000000	40000000	86.2462
51000000	41000000	76.2899
51000000	42000000	70.3951
51000000	43000000	99.8092
51000000	44000000	163.1500
51000000	45000000	115.7707
51000000	46000000	155.4175
51000000	47000000	118.4145
51000000	48000000	161.0255
51000000	49000000	222.0447
51000000	50000000	729.9754
51000000	51000000	2915.2830
51000000	52000000	603.4789
51000000	53000000	178.7419
51000000	54000000	116.7382
51000000	55000000	101.2333
51000000	56000000	113.6211
51000000	57000000	167.0194
51000000	58000000	142.9320
51000000	59000000	146.7884
51000000	60000000	80.7717
52000000	1000000	24.4636
52000000	2000000	43.9292
52000000	3000000	27.8935
52000000	4000000	36.3188
52000000	5000000	31.1655
52000000	6000000	43.7435
52000000	7000000	39.6358
52000000	8000000	38.6591
52000000	9000000	51.6553
52000000	10000000	69.7440
52000000	11000000	7.5744
52000000	12000000	27.0366
52000000	13000000	36.9763
52000000	14000000	45.9397
52000000	15000000	40.4086
52000000	16000000	49.5722
52000000	17000000	43.8045
52000000	18000000	44.9070
52000000	19000000	41.3687
52000000	20000000	55.2067
52000000	21000000	37.3082
52000000	22000000	40.7478
52000000	23000000	45.3208
52000000	24000000	37.5011
52000000	25000000	49.5529
52000000	26000000	62.4438
52000000	27000000	59.3106
52000000	28000000	66.7827
52000000	29000000	65.6740
52000000	30000000	63.6584
52000000	31000000	53.3522
52000000	32000000	60.2560
52000000	33000000	63.5024
52000000	34000000	53.2104
52000000	35000000	84.9190
52000000	36000000	79.7393
52000000	37000000	76.8914
52000000	38000000	89.4824
52000000	39000000	82.1287
52000000	40000000	85.7690
52000000	41000000	89.5125
52000000	42000000	67.6854
52000000	43000000	83.6093
52000000	44000000	161.6475
52000000	45000000	117.9485
52000000	46000000	133.7510
52000000	47000000	119.4239
52000000	48000000	109.1566
52000000	49000000	155.2629
52000000	50000000	222.0322
52000000	51000000	603.4789
52000000	52000000	2451.6897
52000000	53000000	649.1966
52000000	54000000	206.6351
52000000	55000000	154.9164
52000000	56000000	121.2372
52000000	57000000	143.4614
52000000	58000000	183.6722
52000000	59000000	150.8349
52000000	60000000	79.4859
53000000	1000000	27.5772
53000000	2000000	36.4355
53000000	3000000	26.9566
53000000	4000000	31.1015
53000000	5000000	26.2817
53000000	6000000	34.5619
53000000	7000000	31.4923
53000000	8000000	40.1912
53000000	9000000	43.8763
53000000	10000000	62.9662
53000000	11000000	13.2552
53000000	12000000	31.0529
53000000	13000000	30.6491
53000000	14000000	40.0080
53000000	15000000	35.0645
53000000	16000000	55.6622
53000000	17000000	31.7038
53000000	18000000	34.1975
53000000	19000000	38.0760
53000000	20000000	50.7453
53000000	21000000	34.4904
53000000	22000000	33.9463
53000000	23000000	37.7627
53000000	24000000	37.6676
53000000	25000000	28.7504
53000000	26000000	62.9333
53000000	27000000	63.3655
53000000	28000000	73.6027
53000000	29000000	56.4100
53000000	30000000	49.5215
53000000	31000000	39.9582
53000000	32000000	40.9297
53000000	33000000	65.8350
53000000	34000000	40.0328
53000000	35000000	101.0571
53000000	36000000	113.7237
53000000	37000000	79.1277
53000000	38000000	100.8619
53000000	39000000	68.8329
53000000	40000000	129.6490
53000000	41000000	100.2629
53000000	42000000	111.8286
53000000	43000000	156.7668
53000000	44000000	141.6987
53000000	45000000	62.4042
53000000	46000000	85.8905
53000000	47000000	65.2155
53000000	48000000	60.7919
53000000	49000000	77.5971
53000000	50000000	188.5975
53000000	51000000	178.7419
53000000	52000000	649.1966
53000000	53000000	3336.9514
53000000	54000000	756.0717
53000000	55000000	249.4504
53000000	56000000	224.6528
53000000	57000000	106.1447
53000000	58000000	95.7862
53000000	59000000	115.6485
53000000	60000000	42.7315
54000000	1000000	21.9610
54000000	2000000	41.6227
54000000	3000000	22.7902
54000000	4000000	31.0174
54000000	5000000	26.8156
54000000	6000000	30.3595
54000000	7000000	25.9767
54000000	8000000	39.7156
54000000	9000000	34.0751
54000000	10000000	53.3798
54000000	11000000	12.3084
54000000	12000000	22.5628
54000000	13000000	34.8942
54000000	14000000	39.4178
54000000	15000000	38.2173
54000000	16000000	43.8002
54000000	17000000	33.7108
54000000	18000000	30.4447
54000000	19000000	31.3839
54000000	20000000	43.9027
54000000	21000000	30.0789
54000000	22000000	31.5459
54000000	23000000	34.1107
54000000	24000000	31.9511
54000000	25000000	31.6069
54000000	26000000	48.4227
54000000	27000000	48.1860
54000000	28000000	56.6405
54000000	29000000	47.8088
54000000	30000000	44.4501
54000000	31000000	35.4517
54000000	32000000	44.1996
54000000	33000000	47.3236
54000000	34000000	36.5622
54000000	35000000	71.8130
54000000	36000000	79.7989
54000000	37000000	68.1156
54000000	38000000	82.2000
54000000	39000000	62.8073
54000000	40000000	89.2899
54000000	41000000	101.7166
54000000	42000000	86.5556
54000000	43000000	104.8374
54000000	44000000	93.5726
54000000	45000000	73.9682
54000000	46000000	95.3251
54000000	47000000	69.3517
54000000	48000000	68.4623
54000000	49000000	85.8790
54000000	50000000	122.4062
54000000	51000000	116.7382
54000000	52000000	206.6351
54000000	53000000	756.0717
54000000	54000000	2213.2137
54000000	55000000	599.3300
54000000	56000000	209.1766
54000000	57000000	103.0759
54000000	58000000	95.8894
54000000	59000000	102.3662
54000000	60000000	44.7357
55000000	1000000	20.0860
55000000	2000000	40.8537
55000000	3000000	28.0439
55000000	4000000	35.9935
55000000	5000000	28.3778
55000000	6000000	38.8267
55000000	7000000	32.5854
55000000	8000000	41.0038
55000000	9000000	44.8855
55000000	10000000	65.6197
55000000	11000000	7.5744
55000000	12000000	30.4880
55000000	13000000	34.1263
55000000	14000000	35.8220
55000000	15000000	30.6719
55000000	16000000	42.5951
55000000	17000000	37.2232
55000000	18000000	33.6312
55000000	19000000	31.2661
55000000	20000000	47.2154
55000000	21000000	29.8106
55000000	22000000	34.4508
55000000	23000000	30.4108
55000000	24000000	31.5358
55000000	25000000	32.2297
55000000	26000000	50.9474
55000000	27000000	45.7325
55000000	28000000	68.5589
55000000	29000000	46.4430
55000000	30000000	43.1319
55000000	31000000	37.8183
55000000	32000000	40.9614
55000000	33000000	51.8078
55000000	34000000	41.4134
55000000	35000000	73.0104
55000000	36000000	89.9254
55000000	37000000	66.7766
55000000	38000000	73.9920
55000000	39000000	58.8124
55000000	40000000	92.0626
55000000	41000000	96.2567
55000000	42000000	83.2550
55000000	43000000	101.5223
55000000	44000000	112.9961
55000000	45000000	64.9191
55000000	46000000	71.6679
55000000	47000000	56.6063
55000000	48000000	60.9117
55000000	49000000	72.3335
55000000	50000000	114.2023
55000000	51000000	101.2333
55000000	52000000	154.9164
55000000	53000000	249.4504
55000000	54000000	599.3300
55000000	55000000	3304.2400
55000000	56000000	787.1789
55000000	57000000	115.3000
55000000	58000000	102.9463
55000000	59000000	112.1932
55000000	60000000	43.0417
56000000	1000000	20.4219
56000000	2000000	42.0901
56000000	3000000	24.6378
56000000	4000000	29.8256
56000000	5000000	25.5404
56000000	6000000	27.0124
56000000	7000000	24.8365
56000000	8000000	31.6975
56000000	9000000	46.6359
56000000	10000000	53.4061
56000000	11000000	11.3616
56000000	12000000	25.0106
56000000	13000000	28.9339
56000000	14000000	29.9289
56000000	15000000	27.8131
56000000	16000000	40.3169
56000000	17000000	29.0183
56000000	18000000	23.8181
56000000	19000000	27.4713
56000000	20000000	36.3461
56000000	21000000	24.4310
56000000	22000000	30.4128
56000000	23000000	24.9950
56000000	24000000	22.2412
56000000	25000000	26.7852
56000000	26000000	44.8973
56000000	27000000	45.5355
56000000	28000000	67.2806
56000000	29000000	37.3362
56000000	30000000	39.3330
56000000	31000000	28.0779
56000000	32000000	30.9945
56000000	33000000	40.1329
56000000	34000000	29.6907
56000000	35000000	75.7623
56000000	36000000	101.9853
56000000	37000000	64.5041
56000000	38000000	84.3292
56000000	39000000	46.7089
56000000	40000000	120.3102
56000000	41000000	94.9456
56000000	42000000	112.3053
56000000	43000000	177.1759
56000000	44000000	116.1493
56000000	45000000	40.1398
56000000	46000000	65.1242
56000000	47000000	41.1655
56000000	48000000	43.7851
56000000	49000000	57.4296
56000000	50000000	168.8133
56000000	51000000	113.6211
56000000	52000000	121.2372
56000000	53000000	224.6528
56000000	54000000	209.1766
56000000	55000000	787.1789
56000000	56000000	3472.5746
56000000	57000000	307.1648
56000000	58000000	82.6794
56000000	59000000	124.9266
56000000	60000000	41.7371
57000000	1000000	11.9693
57000000	2000000	28.9631
57000000	3000000	24.5641
57000000	4000000	30.1305
57000000	5000000	20.3231
57000000	6000000	29.0901
57000000	7000000	28.5237
57000000	8000000	24.2610
57000000	9000000	23.0668
57000000	10000000	30.3580
57000000	11000000	11.3616
57000000	12000000	15.9467
57000000	13000000	27.8338
57000000	14000000	23.0194
57000000	15000000	21.1930
57000000	16000000	37.4048
57000000	17000000	32.6447
57000000	18000000	32.5733
57000000	19000000	35.9358
57000000	20000000	37.0208
57000000	21000000	29.0921
57000000	22000000	36.1863
57000000	23000000	33.1239
57000000	24000000	34.0537
57000000	25000000	37.3520
57000000	26000000	40.7442
57000000	27000000	41.7162
57000000	28000000	55.1113
57000000	29000000	52.5603
57000000	30000000	52.6050
57000000	31000000	41.4528
57000000	32000000	46.6487
57000000	33000000	55.1044
57000000	34000000	46.8787
57000000	35000000	53.8707
57000000	36000000	59.9833
57000000	37000000	54.0945
57000000	38000000	77.3229
57000000	39000000	88.3234
57000000	40000000	65.0868
57000000	41000000	55.6141
57000000	42000000	47.2648
57000000	43000000	62.7977
57000000	44000000	154.5941
57000000	45000000	114.7302
57000000	46000000	145.1722
57000000	47000000	120.3701
57000000	48000000	105.3468
57000000	49000000	125.8581
57000000	50000000	113.3935
57000000	51000000	167.0194
57000000	52000000	143.4614
57000000	53000000	106.1447
57000000	54000000	103.0759
57000000	55000000	115.3000
57000000	56000000	307.1648
57000000	57000000	2576.8822
57000000	58000000	550.5856
57000000	59000000	236.8695
57000000	60000000	149.4111
58000000	1000000	12.8986
58000000	2000000	35.6768
58000000	3000000	24.3686
58000000	4000000	30.9181
58000000	5000000	24.1894
58000000	6000000	28.7898
58000000	7000000	35.8886
58000000	8000000	28.7431
58000000	9000000	27.7970
58000000	10000000	39.9952
58000000	11000000	5.6808
58000000	12000000	17.8404
58000000	13000000	30.0849
58000000	14000000	36.6589
58000000	15000000	29.7345
58000000	16000000	40.5352
58000000	17000000	38.4622
58000000	18000000	29.8115
58000000	19000000	39.2034
58000000	20000000	37.5794
58000000	21000000	30.9630
58000000	22000000	40.6711
58000000	23000000	42.0239
58000000	24000000	39.6682
58000000	25000000	38.2736
58000000	26000000	42.6991
58000000	27000000	51.9090
58000000	28000000	48.8745
58000000	29000000	61.1458
58000000	30000000	61.4420
58000000	31000000	59.9150
58000000	32000000	55.3916
58000000	33000000	68.6519
58000000	34000000	69.2941
58000000	35000000	58.3061
58000000	36000000	56.2256
58000000	37000000	67.3926
58000000	38000000	69.9777
58000000	39000000	89.4647
58000000	40000000	53.3961
58000000	41000000	69.1319
58000000	42000000	43.9518
58000000	43000000	50.6767
58000000	44000000	144.5089
58000000	45000000	161.0810
58000000	46000000	156.2538
58000000	47000000	150.0940
58000000	48000000	133.6600
58000000	49000000	162.6905
58000000	50000000	99.0732
58000000	51000000	142.9320
58000000	52000000	183.6722
58000000	53000000	95.7862
58000000	54000000	95.8894
58000000	55000000	102.9463
58000000	56000000	82.6794
58000000	57000000	550.5856
58000000	58000000	3278.8686
58000000	59000000	684.7971
58000000	60000000	244.1531
59000000	1000000	18.9646
59000000	2000000	38.3538
59000000	3000000	28.9549
59000000	4000000	32.9096
59000000	5000000	28.8961
59000000	6000000	33.1976
59000000	7000000	30.2372
59000000	8000000	27.7398
59000000	9000000	27.2563
59000000	10000000	40.2755
59000000	11000000	7.5744
59000000	12000000	19.8661
59000000	13000000	31.3679
59000000	14000000	27.0805
59000000	15000000	32.6828
59000000	16000000	41.8579
59000000	17000000	41.9096
59000000	18000000	32.9918
59000000	19000000	41.8311
59000000	20000000	47.3703
59000000	21000000	32.8691
59000000	22000000	43.4122
59000000	23000000	39.1172
59000000	24000000	38.4169
59000000	25000000	38.5477
59000000	26000000	47.3758
59000000	27000000	49.3287
59000000	28000000	57.2495
59000000	29000000	55.3124
59000000	30000000	57.1963
59000000	31000000	44.3601
59000000	32000000	56.8213
59000000	33000000	64.9031
59000000	34000000	55.3167
59000000	35000000	66.4389
59000000	36000000	69.3733
59000000	37000000	72.3874
59000000	38000000	82.7520
59000000	39000000	83.7848
59000000	40000000	73.6086
59000000	41000000	70.3657
59000000	42000000	53.4689
59000000	43000000	80.1333
59000000	44000000	150.7159
59000000	45000000	124.0559
59000000	46000000	141.3909
59000000	47000000	115.9814
59000000	48000000	106.0265
59000000	49000000	125.7360
59000000	50000000	139.3062
59000000	51000000	146.7884
59000000	52000000	150.8349
59000000	53000000	115.6485
59000000	54000000	102.3662
59000000	55000000	112.1932
59000000	56000000	124.9266
59000000	57000000	236.8695
59000000	58000000	684.7971
59000000	59000000	3009.8341
59000000	60000000	762.8462
60000000	1000000	7.4766
60000000	2000000	22.8122
60000000	3000000	19.8480
60000000	4000000	21.3157
60000000	5000000	19.4457
60000000	6000000	23.6294
60000000	7000000	19.5077
60000000	8000000	20.6835
60000000	9000000	16.8265
60000000	10000000	23.9213
60000000	11000000	5.6808
60000000	12000000	11.8864
60000000	13000000	17.7112
60000000	14000000	17.8720
60000000	15000000	18.2667
60000000	16000000	27.9288
60000000	17000000	28.2649
60000000	18000000	19.8167
60000000	19000000	23.3723
60000000	20000000	32.1268
60000000	21000000	25.4702
60000000	22000000	28.5751
60000000	23000000	23.8000
60000000	24000000	23.6635
60000000	25000000	22.8092
60000000	26000000	29.2786
60000000	27000000	26.1154
60000000	28000000	34.3632
60000000	29000000	36.2418
60000000	30000000	37.3956
60000000	31000000	37.5469
60000000	32000000	40.6549
60000000	33000000	45.6141
60000000	34000000	46.6933
60000000	35000000	34.4166
60000000	36000000	34.8635
60000000	37000000	42.7852
60000000	38000000	33.6179
60000000	39000000	57.2762
60000000	40000000	38.9848
60000000	41000000	35.4935
60000000	42000000	20.8134
60000000	43000000	28.4625
60000000	44000000	94.3010
60000000	45000000	80.9185
60000000	46000000	84.6704
60000000	47000000	72.9328
60000000	48000000	77.5648
60000000	49000000	71.7604
60000000	50000000	51.8431
60000000	51000000	80.7717
60000000	52000000	79.4859
60000000	53000000	42.7315
60000000	54000000	44.7357
60000000	55000000	43.0417
60000000	56000000	41.7371
60000000	57000000	149.4111
60000000	58000000	244.1531
60000000	59000000	762.8462
60000000	60000000	1915.9227
