1000000	1000000	1101.3597
1000000	2000000	344.2113
1000000	3000000	94.8883
1000000	4000000	90.5207
1000000	5000000	101.3823
1000000	6000000	54.5279
1000000	7000000	73.7178
1000000	8000000	63.7361
1000000	9000000	40.8444
1000000	10000000	57.4866
1000000	11000000	62.4682
1000000	12000000	45.5496
1000000	13000000	43.7931
1000000	14000000	62.1561
1000000	15000000	34.3646
1000000	16000000	54.3784
1000000	17000000	38.7338
1000000	18000000	58.0043
1000000	19000000	47.6485
1000000	20000000	45.2638
1000000	21000000	41.2832
1000000	22000000	48.4902
1000000	23000000	42.6765
1000000	24000000	24.8087
1000000	25000000	16.9442
1000000	26000000	26.3866
1000000	27000000	25.0173
1000000	28000000	33.3151
1000000	29000000	27.4065
1000000	30000000	22.6864
2000000	1000000	344.2113
2000000	2000000	3209.2612
2000000	3000000	501.0747
2000000	4000000	100.6532
2000000	5000000	112.4109
2000000	6000000	48.0697
2000000	7000000	59.6264
2000000	8000000	60.8112
2000000	9000000	31.3681
2000000	10000000	40.3213
2000000	11000000	55.8201
2000000	12000000	51.8421
2000000	13000000	38.4686
2000000	14000000	58.5279
2000000	15000000	33.2179
2000000	16000000	58.8240
2000000	17000000	26.8897
2000000	18000000	71.4714
2000000	19000000	63.5584
2000000	20000000	74.1785
2000000	21000000	71.7286
2000000	22000000	112.3540
2000000	23000000	95.9467
2000000	24000000	20.1495
2000000	25000000	22.0684
2000000	26000000	34.7941
2000000	27000000	37.9564
2000000	28000000	53.9067
2000000	29000000	32.8959
2000000	30000000	27.0168
3000000	1000000	94.8883
3000000	2000000	501.0747
3000000	3000000	2228.8545
3000000	4000000	647.2063
3000000	5000000	165.8655
3000000	6000000	81.8888
3000000	7000000	78.2244
3000000	8000000	74.4518
3000000	9000000	48.6946
3000000	10000000	66.7168
3000000	11000000	69.8944
3000000	12000000	64.4847
3000000	13000000	48.5216
3000000	14000000	76.2403
3000000	15000000	47.3772
3000000	16000000	70.9285
3000000	17000000	48.5919
3000000	18000000	81.6793
3000000	19000000	68.6726
3000000	20000000	74.1762
3000000	21000000	66.6064
3000000	22000000	88.9067
3000000	23000000	85.9195
3000000	24000000	33.6044
3000000	25000000	28.6151
3000000	26000000	46.8355
3000000	27000000	51.7700
3000000	28000000	57.5785
3000000	29000000	39.9850
3000000	30000000	25.9308
4000000	1000000	90.5207
4000000	2000000	100.6532
4000000	3000000	647.2063
4000000	4000000	3478.9880
4000000	5000000	561.5743
4000000	6000000	262.2332
4000000	7000000	176.5127
4000000	8000000	138.0738
4000000	9000000	109.1229
4000000	10000000	99.7453
4000000	11000000	117.1173
4000000	12000000	100.5616
4000000	13000000	99.6359
4000000	14000000	92.7863
4000000	15000000	104.7041
4000000	16000000	111.9199
4000000	17000000	101.0682
4000000	18000000	95.0583
4000000	19000000	102.2020
4000000	20000000	74.4589
4000000	21000000	79.7148
4000000	22000000	58.0384
4000000	23000000	65.4488
4000000	24000000	68.1107
4000000	25000000	55.3916
4000000	26000000	77.0142
4000000	27000000	60.6370
4000000	28000000	60.2352
4000000	29000000	56.9038
4000000	30000000	47.9272
5000000	1000000	101.3823
5000000	2000000	112.4109
5000000	3000000	165.8655
5000000	4000000	561.5743
5000000	5000000	3192.0102
5000000	6000000	675.5155
5000000	7000000	257.8834
5000000	8000000	185.1861
5000000	9000000	113.0309
5000000	10000000	121.2469
5000000	11000000	133.3271
5000000	12000000	112.2067
5000000	13000000	93.7777
5000000	14000000	120.6294
5000000	15000000	92.5373
5000000	16000000	116.6342
5000000	17000000	104.1041
5000000	18000000	123.8951
5000000	19000000	112.0094
5000000	20000000	105.7460
5000000	21000000	94.7624
5000000	22000000	84.7467
5000000	23000000	82.5496
5000000	24000000	63.8220
5000000	25000000	56.2252
5000000	26000000	83.2444
5000000	27000000	75.7625
5000000	28000000	68.8892
5000000	29000000	67.6908
5000000	30000000	51.6991
6000000	1000000	54.5279
6000000	2000000	48.0697
6000000	3000000	81.8888
6000000	4000000	262.2332
6000000	5000000	675.5155
6000000	6000000	3214.1480
6000000	7000000	694.1171
6000000	8000000	260.4668
6000000	9000000	178.1782
6000000	10000000	139.1849
6000000	11000000	127.3172
6000000	12000000	98.0284
6000000	13000000	98.5556
6000000	14000000	103.1178
6000000	15000000	102.1757
6000000	16000000	128.1551
6000000	17000000	119.9202
6000000	18000000	93.3837
6000000	19000000	87.9424
6000000	20000000	68.9074
6000000	21000000	70.5590
6000000	22000000	35.1028
6000000	23000000	45.8286
6000000	24000000	73.2622
6000000	25000000	76.2831
6000000	26000000	84.0314
6000000	27000000	70.9731
6000000	28000000	53.7374
6000000	29000000	54.5602
6000000	30000000	47.7926
7000000	1000000	73.7178
7000000	2000000	59.6264
7000000	3000000	78.2244
7000000	4000000	176.5127
7000000	5000000	257.8834
7000000	6000000	694.1171
7000000	7000000	3854.2054
7000000	8000000	633.0461
7000000	9000000	224.6453
7000000	10000000	174.6709
7000000	11000000	148.8267
7000000	12000000	114.1113
7000000	13000000	104.6675
7000000	14000000	105.3954
7000000	15000000	116.9922
7000000	16000000	133.5713
7000000	17000000	115.2929
7000000	18000000	108.2479
7000000	19000000	110.4034
7000000	20000000	86.0874
7000000	21000000	79.8188
7000000	22000000	62.5544
7000000	23000000	72.3890
7000000	24000000	75.5862
7000000	25000000	65.3232
7000000	26000000	84.3827
7000000	27000000	81.7272
7000000	28000000	61.6727
7000000	29000000	58.9551
7000000	30000000	49.6235
8000000	1000000	63.7361
8000000	2000000	60.8112
8000000	3000000	74.4518
8000000	4000000	138.0738
8000000	5000000	185.1861
8000000	6000000	260.4668
8000000	7000000	633.0461
8000000	8000000	2913.6274
8000000	9000000	737.9129
8000000	10000000	282.9958
8000000	11000000	218.5966
8000000	12000000	161.3162
8000000	13000000	116.0126
8000000	14000000	137.0603
8000000	15000000	115.6179
8000000	16000000	137.7791
8000000	17000000	115.9474
8000000	18000000	133.0798
8000000	19000000	117.9882
8000000	20000000	98.6218
8000000	21000000	88.0755
8000000	22000000	63.2946
8000000	23000000	74.3158
8000000	24000000	76.8177
8000000	25000000	63.6879
8000000	26000000	86.6857
8000000	27000000	87.5704
8000000	28000000	78.7261
8000000	29000000	72.0931
8000000	30000000	54.0768
9000000	1000000	40.8444
9000000	2000000	31.3681
9000000	3000000	48.6946
9000000	4000000	109.1229
9000000	5000000	113.0309
9000000	6000000	178.1782
9000000	7000000	224.6453
9000000	8000000	737.9129
9000000	9000000	2612.2116
9000000	10000000	837.1099
9000000	11000000	283.2312
9000000	12000000	142.7403
9000000	13000000	127.0162
9000000	14000000	109.2572
9000000	15000000	115.7022
9000000	16000000	104.1808
9000000	17000000	111.6905
9000000	18000000	92.6886
9000000	19000000	81.6171
9000000	20000000	61.2301
9000000	21000000	65.5473
9000000	22000000	38.9344
9000000	23000000	46.1945
9000000	24000000	86.2345
9000000	25000000	70.4053
9000000	26000000	72.3487
9000000	27000000	74.0418
9000000	28000000	50.8554
9000000	29000000	49.3253
9000000	30000000	38.9401
10000000	1000000	57.4866
10000000	2000000	40.3213
10000000	3000000	66.7168
10000000	4000000	99.7453
10000000	5000000	121.2469
10000000	6000000	139.1849
10000000	7000000	174.6709
10000000	8000000	282.9958
10000000	9000000	837.1099
10000000	10000000	2947.0976
10000000	11000000	823.3569
10000000	12000000	187.2360
10000000	13000000	127.5399
10000000	14000000	123.4061
10000000	15000000	112.2721
10000000	16000000	120.1458
10000000	17000000	105.8929
10000000	18000000	111.1022
10000000	19000000	104.8303
10000000	20000000	75.7055
10000000	21000000	78.1527
10000000	22000000	49.9256
10000000	23000000	53.9699
10000000	24000000	81.3083
10000000	25000000	67.5016
10000000	26000000	80.9543
10000000	27000000	71.8967
10000000	28000000	56.8118
10000000	29000000	56.1006
10000000	30000000	50.5790
11000000	1000000	62.4682
11000000	2000000	55.8201
11000000	3000000	69.8944
11000000	4000000	117.1173
11000000	5000000	133.3271
11000000	6000000	127.3172
11000000	7000000	148.8267
11000000	8000000	218.5966
11000000	9000000	283.2312
11000000	10000000	823.3569
11000000	11000000	3356.3783
11000000	12000000	632.1891
11000000	13000000	188.0246
11000000	14000000	171.4192
11000000	15000000	131.3793
11000000	16000000	143.9956
11000000	17000000	125.4856
11000000	18000000	131.5944
11000000	19000000	131.0586
11000000	20000000	99.3506
11000000	21000000	90.6325
11000000	22000000	69.5446
11000000	23000000	83.8411
11000000	24000000	86.9187
11000000	25000000	71.1520
11000000	26000000	94.0421
11000000	27000000	84.7055
11000000	28000000	83.1159
11000000	29000000	72.0058
11000000	30000000	55.4092
12000000	1000000	45.5496
12000000	2000000	51.8421
12000000	3000000	64.4847
12000000	4000000	100.5616
12000000	5000000	112.2067
12000000	6000000	98.0284
12000000	7000000	114.1113
12000000	8000000	161.3162
12000000	9000000	142.7403
12000000	10000000	187.2360
12000000	11000000	632.1891
12000000	12000000	2515.7381
12000000	13000000	605.2071
12000000	14000000	282.1945
12000000	15000000	154.4568
12000000	16000000	152.6673
12000000	17000000	112.2137
12000000	18000000	142.7496
12000000	19000000	105.7327
12000000	20000000	104.6443
12000000	21000000	99.4228
12000000	22000000	75.6162
12000000	23000000	91.5807
12000000	24000000	82.0179
12000000	25000000	68.7683
12000000	26000000	85.4399
12000000	27000000	97.3637
12000000	28000000	85.2787
12000000	29000000	84.8924
12000000	30000000	59.1975
13000000	1000000	43.7931
13000000	2000000	38.4686
13000000	3000000	48.5216
13000000	4000000	99.6359
13000000	5000000	93.7777
13000000	6000000	98.5556
13000000	7000000	104.6675
13000000	8000000	116.0126
13000000	9000000	127.0162
13000000	10000000	127.5399
13000000	11000000	188.0246
13000000	12000000	605.2071
13000000	13000000	2215.5585
13000000	14000000	729.8548
13000000	15000000	224.0927
13000000	16000000	147.4889
13000000	17000000	135.8319
13000000	18000000	103.1377
13000000	19000000	94.1077
13000000	20000000	67.2775
13000000	21000000	75.5317
13000000	22000000	45.9418
13000000	23000000	54.7844
13000000	24000000	86.1872
13000000	25000000	72.6838
13000000	26000000	90.1654
13000000	27000000	79.1654
13000000	28000000	60.8904
13000000	29000000	78.7997
13000000	30000000	44.2740
14000000	1000000	62.1561
14000000	2000000	58.5279
14000000	3000000	76.2403
14000000	4000000	92.7863
14000000	5000000	120.6294
14000000	6000000	103.1178
14000000	7000000	105.3954
14000000	8000000	137.0603
14000000	9000000	109.2572
14000000	10000000	123.4061
14000000	11000000	171.4192
14000000	12000000	282.1945
14000000	13000000	729.8548
14000000	14000000	3107.4079
14000000	15000000	596.4764
14000000	16000000	269.2793
14000000	17000000	150.0194
14000000	18000000	189.0649
14000000	19000000	135.5371
14000000	20000000	123.2831
14000000	21000000	112.4068
14000000	22000000	88.8936
14000000	23000000	108.9535
14000000	24000000	92.9214
14000000	25000000	70.0182
14000000	26000000	105.6290
14000000	27000000	106.4697
14000000	28000000	105.8079
14000000	29000000	83.3320
14000000	30000000	51.1342
15000000	1000000	34.3646
15000000	2000000	33.2179
15000000	3000000	47.3772
15000000	4000000	104.7041
15000000	5000000	92.5373
15000000	6000000	102.1757
15000000	7000000	116.9922
15000000	8000000	115.6179
15000000	9000000	115.7022
15000000	10000000	112.2721
15000000	11000000	131.3793
15000000	12000000	154.4568
15000000	13000000	224.0927
15000000	14000000	596.4764
15000000	15000000	2638.6190
15000000	16000000	685.8535
15000000	17000000	261.9272
15000000	18000000	145.5615
15000000	19000000	114.0622
15000000	20000000	86.7764
15000000	21000000	80.5207
15000000	22000000	47.5535
15000000	23000000	57.2866
15000000	24000000	102.1213
15000000	25000000	94.4032
15000000	26000000	105.7202
15000000	27000000	93.3277
15000000	28000000	65.6540
15000000	29000000	73.2040
15000000	30000000	46.8578
16000000	1000000	54.3784
16000000	2000000	58.8240
16000000	3000000	70.9285
16000000	4000000	111.9199
16000000	5000000	116.6342
16000000	6000000	128.1551
16000000	7000000	133.5713
16000000	8000000	137.7791
16000000	9000000	104.1808
16000000	10000000	120.1458
16000000	11000000	143.9956
16000000	12000000	152.6673
16000000	13000000	147.4889
16000000	14000000	269.2793
16000000	15000000	685.8535
16000000	16000000	3943.4110
16000000	17000000	824.4009
16000000	18000000	279.2857
16000000	19000000	171.2294
16000000	20000000	119.7770
16000000	21000000	108.9764
16000000	22000000	76.8402
16000000	23000000	108.8604
16000000	24000000	112.0699
16000000	25000000	103.3187
16000000	26000000	126.9839
16000000	27000000	105.7142
16000000	28000000	95.8865
16000000	29000000	92.3472
16000000	30000000	68.7317
17000000	1000000	38.7338
17000000	2000000	26.8897
17000000	3000000	48.5919
17000000	4000000	101.0682
17000000	5000000	104.1041
17000000	6000000	119.9202
17000000	7000000	115.2929
17000000	8000000	115.9474
17000000	9000000	111.6905
17000000	10000000	105.8929
17000000	11000000	125.4856
17000000	12000000	112.2137
17000000	13000000	135.8319
17000000	14000000	150.0194
17000000	15000000	261.9272
17000000	16000000	824.4009
17000000	17000000	2898.5530
17000000	18000000	693.2849
17000000	19000000	180.3247
17000000	20000000	106.7035
17000000	21000000	88.4210
17000000	22000000	46.5292
17000000	23000000	62.1363
17000000	24000000	131.8454
17000000	25000000	112.1064
17000000	26000000	111.1298
17000000	27000000	106.6043
17000000	28000000	67.5625
17000000	29000000	67.7136
17000000	30000000	56.3646
18000000	1000000	58.0043
18000000	2000000	71.4714
18000000	3000000	81.6793
18000000	4000000	95.0583
18000000	5000000	123.8951
18000000	6000000	93.3837
18000000	7000000	108.2479
18000000	8000000	133.0798
18000000	9000000	92.6886
18000000	10000000	111.1022
18000000	11000000	131.5944
18000000	12000000	142.7496
18000000	13000000	103.1377
18000000	14000000	189.0649
18000000	15000000	145.5615
18000000	16000000	279.2857
18000000	17000000	693.2849
18000000	18000000	3404.5960
18000000	19000000	688.0724
18000000	20000000	237.7433
18000000	21000000	149.0718
18000000	22000000	140.9689
18000000	23000000	151.1211
18000000	24000000	102.0373
18000000	25000000	77.2169
18000000	26000000	123.9704
18000000	27000000	117.7104
18000000	28000000	120.9805
18000000	29000000	90.5689
18000000	30000000	62.6908
19000000	1000000	47.6485
19000000	2000000	63.5584
19000000	3000000	68.6726
19000000	4000000	102.2020
19000000	5000000	112.0094
19000000	6000000	87.9424
19000000	7000000	110.4034
19000000	8000000	117.9882
19000000	9000000	81.6171
19000000	10000000	104.8303
19000000	11000000	131.0586
19000000	12000000	105.7327
19000000	13000000	94.1077
19000000	14000000	135.5371
19000000	15000000	114.0622
19000000	16000000	171.2294
19000000	17000000	180.3247
19000000	18000000	688.0724
19000000	19000000	3350.1162
19000000	20000000	999.9143
19000000	21000000	182.1829
19000000	22000000	98.8642
19000000	23000000	122.4072
19000000	24000000	109.5298
19000000	25000000	93.5951
19000000	26000000	115.6834
19000000	27000000	105.5562
19000000	28000000	99.7947
19000000	29000000	94.9506
19000000	30000000	73.7530
20000000	1000000	45.2638
20000000	2000000	74.1785
20000000	3000000	74.1762
20000000	4000000	74.4589
20000000	5000000	105.7460
20000000	6000000	68.9074
20000000	7000000	86.0874
20000000	8000000	98.6218
20000000	9000000	61.2301
20000000	10000000	75.7055
20000000	11000000	99.3506
20000000	12000000	104.6443
20000000	13000000	67.2775
20000000	14000000	123.2831
20000000	15000000	86.7764
20000000	16000000	119.7770
20000000	17000000	106.7035
20000000	18000000	237.7433
20000000	19000000	999.9143
20000000	20000000	2835.1455
20000000	21000000	535.4281
20000000	22000000	174.0896
20000000	23000000	141.2763
20000000	24000000	91.0197
20000000	25000000	69.2814
20000000	26000000	105.0154
20000000	27000000	101.2298
20000000	28000000	115.4026
20000000	29000000	84.7181
20000000	30000000	57.8841
21000000	1000000	41.2832
21000000	2000000	71.7286
21000000	3000000	66.6064
21000000	4000000	79.7148
21000000	5000000	94.7624
21000000	6000000	70.5590
21000000	7000000	79.8188
21000000	8000000	88.0755
21000000	9000000	65.5473
21000000	10000000	78.1527
21000000	11000000	90.6325
21000000	12000000	99.4228
21000000	13000000	75.5317
21000000	14000000	112.4068
21000000	15000000	80.5207
21000000	16000000	108.9764
21000000	17000000	88.4210
21000000	18000000	149.0718
21000000	19000000	182.1829
21000000	20000000	535.4281
21000000	21000000	2998.0219
21000000	22000000	558.6165
21000000	23000000	176.7613
21000000	24000000	101.7621
21000000	25000000	72.3872
21000000	26000000	108.3334
21000000	27000000	103.8125
21000000	28000000	108.0898
21000000	29000000	91.4715
21000000	30000000	64.0962
22000000	1000000	48.4902
22000000	2000000	112.3540
22000000	3000000	88.9067
22000000	4000000	58.0384
22000000	5000000	84.7467
22000000	6000000	35.1028
22000000	7000000	62.5544
22000000	8000000	63.2946
22000000	9000000	38.9344
22000000	10000000	49.9256
22000000	11000000	69.5446
22000000	12000000	75.6162
22000000	13000000	45.9418
22000000	14000000	88.8936
22000000	15000000	47.5535
22000000	16000000	76.8402
22000000	17000000	46.5292
22000000	18000000	140.9689
22000000	19000000	98.8642
22000000	20000000	174.0896
22000000	21000000	558.6165
22000000	22000000	3491.3389
22000000	23000000	658.0777
22000000	24000000	52.1646
22000000	25000000	38.7124
22000000	26000000	84.8721
22000000	27000000	85.6503
22000000	28000000	116.7969
22000000	29000000	69.0103
22000000	30000000	49.4823
23000000	1000000	42.6765
23000000	2000000	95.9467
23000000	3000000	85.9195
23000000	4000000	65.4488
23000000	5000000	82.5496
23000000	6000000	45.8286
23000000	7000000	72.3890
23000000	8000000	74.3158
23000000	9000000	46.1945
23000000	10000000	53.9699
23000000	11000000	83.8411
23000000	12000000	91.5807
23000000	13000000	54.7844
23000000	14000000	108.9535
23000000	15000000	57.2866
23000000	16000000	108.8604
23000000	17000000	62.1363
23000000	18000000	151.1211
23000000	19000000	122.4072
23000000	20000000	141.2763
23000000	21000000	176.7613
23000000	22000000	658.0777
23000000	23000000	3299.1874
23000000	24000000	283.5571
23000000	25000000	92.6041
23000000	26000000	195.6622
23000000	27000000	157.5597
23000000	28000000	181.3422
23000000	29000000	104.9580
23000000	30000000	73.4025
24000000	1000000	24.8087
24000000	2000000	20.1495
24000000	3000000	33.6044
24000000	4000000	68.1107
24000000	5000000	63.8220
24000000	6000000	73.2622
24000000	7000000	75.5862
24000000	8000000	76.8177
24000000	9000000	86.2345
24000000	10000000	81.3083
24000000	11000000	86.9187
24000000	12000000	82.0179
24000000	13000000	86.1872
24000000	14000000	92.9214
24000000	15000000	102.1213
24000000	16000000	112.0699
24000000	17000000	131.8454
24000000	18000000	102.0373
24000000	19000000	109.5298
24000000	20000000	91.0197
24000000	21000000	101.7621
24000000	22000000	52.1646
24000000	23000000	283.5571
24000000	24000000	2326.4727
24000000	25000000	677.3617
24000000	26000000	301.8159
24000000	27000000	204.4712
24000000	28000000	115.9988
24000000	29000000	123.2284
24000000	30000000	82.3246
25000000	1000000	16.9442
25000000	2000000	22.0684
25000000	3000000	28.6151
25000000	4000000	55.3916
25000000	5000000	56.2252
25000000	6000000	76.2831
25000000	7000000	65.3232
25000000	8000000	63.6879
25000000	9000000	70.4053
25000000	10000000	67.5016
25000000	11000000	71.1520
25000000	12000000	68.7683
25000000	13000000	72.6838
25000000	14000000	70.0182
25000000	15000000	94.4032
25000000	16000000	103.3187
25000000	17000000	112.1064
25000000	18000000	77.2169
25000000	19000000	93.5951
25000000	20000000	69.2814
25000000	21000000	72.3872
25000000	22000000	38.7124
25000000	23000000	92.6041
25000000	24000000	677.3617
25000000	25000000	2140.1828
25000000	26000000	733.3288
25000000	27000000	244.2059
25000000	28000000	105.1241
25000000	29000000	117.9588
25000000	30000000	79.0494
26000000	1000000	26.3866
26000000	2000000	34.7941
26000000	3000000	46.8355
26000000	4000000	77.0142
26000000	5000000	83.2444
26000000	6000000	84.0314
26000000	7000000	84.3827
26000000	8000000	86.6857
26000000	9000000	72.3487
26000000	10000000	80.9543
26000000	11000000	94.0421
26000000	12000000	85.4399
26000000	13000000	90.1654
26000000	14000000	105.6290
26000000	15000000	105.7202
26000000	16000000	126.9839
26000000	17000000	111.1298
26000000	18000000	123.9704
26000000	19000000	115.6834
26000000	20000000	105.0154
26000000	21000000	108.3334
26000000	22000000	84.8721
26000000	23000000	195.6622
26000000	24000000	301.8159
26000000	25000000	733.3288
26000000	26000000	2648.7994
26000000	27000000	668.7999
26000000	28000000	230.6690
26000000	29000000	149.3874
26000000	30000000	113.1667
27000000	1000000	25.0173
27000000	2000000	37.9564
27000000	3000000	51.7700
27000000	4000000	60.6370
27000000	5000000	75.7625
27000000	6000000	70.9731
27000000	7000000	81.7272
27000000	8000000	87.5704
27000000	9000000	74.0418
27000000	10000000	71.8967
27000000	11000000	84.7055
27000000	12000000	97.3637
27000000	13000000	79.1654
27000000	14000000	106.4697
27000000	15000000	93.3277
27000000	16000000	105.7142
27000000	17000000	106.6043
27000000	18000000	117.7104
27000000	19000000	105.5562
27000000	20000000	101.2298
27000000	21000000	103.8125
27000000	22000000	85.6503
27000000	23000000	157.5597
27000000	24000000	204.4712
27000000	25000000	244.2059
27000000	26000000	668.7999
27000000	27000000	2777.6810
27000000	28000000	716.4646
27000000	29000000	227.1049
27000000	30000000	121.6488
28000000	1000000	33.3151
28000000	2000000	53.9067
28000000	3000000	57.5785
28000000	4000000	60.2352
28000000	5000000	68.8892
28000000	6000000	53.7374
28000000	7000000	61.6727
28000000	8000000	78.7261
28000000	9000000	50.8554
28000000	10000000	56.8118
28000000	11000000	83.1159
28000000	12000000	85.2787
28000000	13000000	60.8904
28000000	14000000	105.8079
28000000	15000000	65.6540
28000000	16000000	95.8865
28000000	17000000	67.5625
28000000	18000000	120.9805
28000000	19000000	99.7947
28000000	20000000	115.4026
28000000	21000000	108.0898
28000000	22000000	116.7969
28000000	23000000	181.3422
28000000	24000000	115.9988
28000000	25000000	105.1241
28000000	26000000	230.6690
28000000	27000000	716.4646
28000000	28000000	2898.3216
28000000	29000000	649.9640
28000000	30000000	186.9454
29000000	1000000	27.4065
29000000	2000000	32.8959
29000000	3000000	39.9850
29000000	4000000	56.9038
29000000	5000000	67.6908
29000000	6000000	54.5602
29000000	7000000	58.9551
29000000	8000000	72.0931
29000000	9000000	49.3253
29000000	10000000	56.1006
29000000	11000000	72.0058
29000000	12000000	84.8924
29000000	13000000	78.7997
29000000	14000000	83.3320
29000000	15000000	73.2040
29000000	16000000	92.3472
29000000	17000000	67.7136
29000000	18000000	90.5689
29000000	19000000	94.9506
29000000	20000000	84.7181
29000000	21000000	91.4715
29000000	22000000	69.0103
29000000	23000000	104.9580
29000000	24000000	123.2284
29000000	25000000	117.9588
29000000	26000000	149.3874
29000000	27000000	227.1049
29000000	28000000	649.9640
29000000	29000000	2107.0522
29000000	30000000	667.2297
30000000	1000000	22.6864
30000000	2000000	27.0168
30000000	3000000	25.9308
30000000	4000000	47.9272
30000000	5000000	51.6991
30000000	6000000	47.7926
30000000	7000000	49.6235
30000000	8000000	54.0768
30000000	9000000	38.9401
30000000	10000000	50.5790
30000000	11000000	55.4092
30000000	12000000	59.1975
30000000	13000000	44.2740
30000000	14000000	51.1342
30000000	15000000	46.8578
30000000	16000000	68.7317
30000000	17000000	56.3646
30000000	18000000	62.6908
30000000	19000000	73.7530
30000000	20000000	57.8841
30000000	21000000	64.0962
30000000	22000000	49.4823
30000000	23000000	73.4025
30000000	24000000	82.3246
30000000	25000000	79.0494
30000000	26000000	113.1667
30000000	27000000	121.6488
30000000	28000000	186.9454
30000000	29000000	667.2297
30000000	30000000	1489.0018
