1000000	1000000	993.3218
1000000	2000000	630.3267
1000000	3000000	176.5009
1000000	4000000	88.3724
1000000	5000000	70.4059
1000000	6000000	68.8376
1000000	7000000	70.0862
1000000	8000000	55.7664
1000000	9000000	56.1337
1000000	10000000	54.5879
1000000	11000000	55.6314
1000000	12000000	62.9438
1000000	13000000	60.0607
1000000	14000000	43.2881
1000000	15000000	44.9599
1000000	16000000	40.4814
1000000	17000000	35.5779
1000000	18000000	29.2694
1000000	19000000	26.8823
1000000	20000000	42.8864
1000000	21000000	45.3459
1000000	22000000	37.9964
1000000	23000000	36.8959
1000000	24000000	47.5829
1000000	25000000	39.4483
1000000	26000000	41.3349
1000000	27000000	36.9289
1000000	28000000	30.2322
1000000	29000000	25.4443
1000000	30000000	24.3019
1000000	31000000	28.4728
1000000	32000000	26.3868
1000000	33000000	27.4739
1000000	34000000	20.3525
1000000	35000000	20.4463
1000000	36000000	22.9953
1000000	37000000	14.0991
1000000	38000000	18.4039
1000000	39000000	11.4917
1000000	40000000	15.3217
1000000	41000000	16.6916
1000000	42000000	13.7573
1000000	43000000	17.6559
1000000	44000000	16.4332
1000000	45000000	19.4705
1000000	46000000	14.6911
1000000	47000000	18.5157
1000000	48000000	14.9092
1000000	49000000	13.4409
1000000	50000000	14.1232
1000000	51000000	10.3126
2000000	1000000	630.3267
2000000	2000000	3474.8346
2000000	3000000	987.0041
2000000	4000000	209.7238
2000000	5000000	175.0195
2000000	6000000	143.6425
2000000	7000000	120.6218
2000000	8000000	113.0549
2000000	9000000	108.2073
2000000	10000000	119.1918
2000000	11000000	113.0768
2000000	12000000	143.2404
2000000	13000000	113.0919
2000000	14000000	96.7592
2000000	15000000	103.8252
2000000	16000000	108.9276
2000000	17000000	98.2428
2000000	18000000	68.9178
2000000	19000000	80.9006
2000000	20000000	98.8700
2000000	21000000	87.5150
2000000	22000000	80.0369
2000000	23000000	82.0336
2000000	24000000	80.1141
2000000	25000000	100.8522
2000000	26000000	78.4565
2000000	27000000	86.1509
2000000	28000000	68.5866
2000000	29000000	63.1929
2000000	30000000	66.9720
2000000	31000000	55.9470
2000000	32000000	66.7499
2000000	33000000	53.7634
2000000	34000000	45.3726
2000000	35000000	45.3996
2000000	36000000	47.9074
2000000	37000000	46.2033
2000000	38000000	32.2852
2000000	39000000	26.1261
2000000	40000000	40.8266
2000000	41000000	39.2598
2000000	42000000	28.7494
2000000	43000000	39.0274
2000000	44000000	39.3221
2000000	45000000	43.8701
2000000	46000000	36.3103
2000000	47000000	36.4572
2000000	48000000	37.5842
2000000	49000000	29.4007
2000000	50000000	30.9938
2000000	51000000	25.6778
3000000	1000000	176.5009
3000000	2000000	987.0041
3000000	3000000	3276.9991
3000000	4000000	602.6619
3000000	5000000	231.8302
3000000	6000000	174.0680
3000000	7000000	108.5306
3000000	8000000	103.7243
3000000	9000000	88.2646
3000000	10000000	91.1351
3000000	11000000	89.4577
3000000	12000000	130.8063
3000000	13000000	124.0825
3000000	14000000	100.3868
3000000	15000000	114.2993
3000000	16000000	93.0111
3000000	17000000	118.1834
3000000	18000000	100.4268
3000000	19000000	107.6010
3000000	20000000	101.5258
3000000	21000000	81.8153
3000000	22000000	72.5446
3000000	23000000	73.4104
3000000	24000000	73.5746
3000000	25000000	99.1900
3000000	26000000	86.2990
3000000	27000000	84.4438
3000000	28000000	73.4043
3000000	29000000	77.6944
3000000	30000000	65.1980
3000000	31000000	59.0025
3000000	32000000	62.9668
3000000	33000000	62.5137
3000000	34000000	47.9223
3000000	35000000	48.3726
3000000	36000000	66.7671
3000000	37000000	60.6673
3000000	38000000	47.8449
3000000	39000000	33.3125
3000000	40000000	53.9259
3000000	41000000	55.3839
3000000	42000000	44.9897
3000000	43000000	40.5385
3000000	44000000	43.4296
3000000	45000000	39.6790
3000000	46000000	37.3252
3000000	47000000	43.9279
3000000	48000000	41.9924
3000000	49000000	36.3955
3000000	50000000	38.6841
3000000	51000000	31.5258
4000000	1000000	88.3724
4000000	2000000	209.7238
4000000	3000000	602.6619
4000000	4000000	3818.0188
4000000	5000000	1180.9308
4000000	6000000	258.6027
4000000	7000000	125.8798
4000000	8000000	118.8535
4000000	9000000	93.3688
4000000	10000000	91.8215
4000000	11000000	90.5759
4000000	12000000	117.1922
4000000	13000000	106.0099
4000000	14000000	69.4076
4000000	15000000	96.0997
4000000	16000000	80.9969
4000000	17000000	131.5444
4000000	18000000	118.1627
4000000	19000000	111.4309
4000000	20000000	108.6699
4000000	21000000	79.9762
4000000	22000000	67.8352
4000000	23000000	69.1474
4000000	24000000	72.6073
4000000	25000000	109.4425
4000000	26000000	71.0304
4000000	27000000	80.5972
4000000	28000000	77.3571
4000000	29000000	91.1747
4000000	30000000	67.1383
4000000	31000000	62.1217
4000000	32000000	59.5711
4000000	33000000	57.5358
4000000	34000000	44.3534
4000000	35000000	41.2595
4000000	36000000	69.3688
4000000	37000000	64.5275
4000000	38000000	50.8115
4000000	39000000	44.3991
4000000	40000000	65.7264
4000000	41000000	60.6394
4000000	42000000	47.0052
4000000	43000000	45.9007
4000000	44000000	59.9027
4000000	45000000	46.5322
4000000	46000000	45.1657
4000000	47000000	47.2911
4000000	48000000	48.9182
4000000	49000000	50.9304
4000000	50000000	49.0965
4000000	51000000	43.1000
5000000	1000000	70.4059
5000000	2000000	175.0195
5000000	3000000	231.8302
5000000	4000000	1180.9308
5000000	5000000	3581.6648
5000000	6000000	740.2421
5000000	7000000	188.5994
5000000	8000000	144.6572
5000000	9000000	119.9042
5000000	10000000	93.6525
5000000	11000000	90.5414
5000000	12000000	123.4912
5000000	13000000	103.7014
5000000	14000000	85.4691
5000000	15000000	97.8071
5000000	16000000	94.8222
5000000	17000000	118.1336
5000000	18000000	105.8751
5000000	19000000	112.5198
5000000	20000000	98.6171
5000000	21000000	77.0861
5000000	22000000	77.9033
5000000	23000000	80.4370
5000000	24000000	73.0389
5000000	25000000	109.1827
5000000	26000000	88.0154
5000000	27000000	80.6314
5000000	28000000	72.4570
5000000	29000000	82.4531
5000000	30000000	62.4343
5000000	31000000	65.5013
5000000	32000000	72.6098
5000000	33000000	58.1086
5000000	34000000	54.0160
5000000	35000000	49.5994
5000000	36000000	63.4847
5000000	37000000	55.3970
5000000	38000000	50.3158
5000000	39000000	40.2428
5000000	40000000	61.6851
5000000	41000000	58.6451
5000000	42000000	51.2466
5000000	43000000	51.8433
5000000	44000000	50.4544
5000000	45000000	46.2449
5000000	46000000	40.7578
5000000	47000000	39.3503
5000000	48000000	46.7435
5000000	49000000	40.5569
5000000	50000000	40.3385
5000000	51000000	39.0354
6000000	1000000	68.8376
6000000	2000000	143.6425
6000000	3000000	174.0680
6000000	4000000	258.6027
6000000	5000000	740.2421
6000000	6000000	3299.2855
6000000	7000000	749.7684
6000000	8000000	256.5705
6000000	9000000	162.2847
6000000	10000000	115.3081
6000000	11000000	95.6873
6000000	12000000	147.2580
6000000	13000000	135.0680
6000000	14000000	90.7612
6000000	15000000	124.7581
6000000	16000000	97.3178
6000000	17000000	121.5861
6000000	18000000	110.6572
6000000	19000000	104.3145
6000000	20000000	117.9728
6000000	21000000	90.9210
6000000	22000000	92.8961
6000000	23000000	90.9299
6000000	24000000	81.5324
6000000	25000000	123.4121
6000000	26000000	98.1336
6000000	27000000	90.4029
6000000	28000000	75.0372
6000000	29000000	83.5629
6000000	30000000	73.7831
6000000	31000000	64.4312
6000000	32000000	70.3169
6000000	33000000	56.8225
6000000	34000000	46.6890
6000000	35000000	45.3806
6000000	36000000	72.4088
6000000	37000000	57.1501
6000000	38000000	45.5441
6000000	39000000	37.1796
6000000	40000000	54.0876
6000000	41000000	57.8103
6000000	42000000	43.9756
6000000	43000000	37.4656
6000000	44000000	48.7820
6000000	45000000	47.6593
6000000	46000000	39.8558
6000000	47000000	48.5463
6000000	48000000	50.8307
6000000	49000000	38.5529
6000000	50000000	35.7642
6000000	51000000	29.5609
7000000	1000000	70.0862
7000000	2000000	120.6218
7000000	3000000	108.5306
7000000	4000000	125.8798
7000000	5000000	188.5994
7000000	6000000	749.7684
7000000	7000000	2525.0410
7000000	8000000	929.3353
7000000	9000000	287.1400
7000000	10000000	158.4906
7000000	11000000	128.5270
7000000	12000000	123.5274
7000000	13000000	113.3595
7000000	14000000	103.4085
7000000	15000000	95.8203
7000000	16000000	84.0222
7000000	17000000	84.8263
7000000	18000000	48.5270
7000000	19000000	64.9781
7000000	20000000	100.8963
7000000	21000000	82.6062
7000000	22000000	86.5848
7000000	23000000	77.9014
7000000	24000000	85.1246
7000000	25000000	96.5220
7000000	26000000	83.4345
7000000	27000000	80.3978
7000000	28000000	69.2619
7000000	29000000	54.9574
7000000	30000000	72.9464
7000000	31000000	58.0247
7000000	32000000	59.5622
7000000	33000000	53.2625
7000000	34000000	51.4655
7000000	35000000	54.4544
7000000	36000000	57.2324
7000000	37000000	30.9621
7000000	38000000	26.9889
7000000	39000000	19.3770
7000000	40000000	32.4082
7000000	41000000	26.3851
7000000	42000000	21.5161
7000000	43000000	35.5216
7000000	44000000	30.8025
7000000	45000000	41.5178
7000000	46000000	34.5005
7000000	47000000	35.4737
7000000	48000000	29.3549
7000000	49000000	25.2560
7000000	50000000	22.3163
7000000	51000000	19.4601
8000000	1000000	55.7664
8000000	2000000	113.0549
8000000	3000000	103.7243
8000000	4000000	118.8535
8000000	5000000	144.6572
8000000	6000000	256.5705
8000000	7000000	929.3353
8000000	8000000	2381.7636
8000000	9000000	607.3111
8000000	10000000	170.1949
8000000	11000000	134.4526
8000000	12000000	123.9455
8000000	13000000	106.2391
8000000	14000000	90.4281
8000000	15000000	82.0201
8000000	16000000	73.8811
8000000	17000000	81.6973
8000000	18000000	53.2317
8000000	19000000	69.3702
8000000	20000000	101.2977
8000000	21000000	78.1419
8000000	22000000	75.7975
8000000	23000000	75.9822
8000000	24000000	79.9381
8000000	25000000	90.3914
8000000	26000000	72.2873
8000000	27000000	79.7943
8000000	28000000	61.3116
8000000	29000000	55.4538
8000000	30000000	60.9115
8000000	31000000	49.7141
8000000	32000000	55.6985
8000000	33000000	55.2559
8000000	34000000	45.2900
8000000	35000000	46.2937
8000000	36000000	47.7707
8000000	37000000	31.2125
8000000	38000000	26.9526
8000000	39000000	17.1617
8000000	40000000	30.2969
8000000	41000000	33.0240
8000000	42000000	27.8283
8000000	43000000	36.7973
8000000	44000000	34.0035
8000000	45000000	29.5037
8000000	46000000	28.5911
8000000	47000000	34.4013
8000000	48000000	28.8410
8000000	49000000	22.9777
8000000	50000000	21.7840
8000000	51000000	25.4240
9000000	1000000	56.1337
9000000	2000000	108.2073
9000000	3000000	88.2646
9000000	4000000	93.3688
9000000	5000000	119.9042
9000000	6000000	162.2847
9000000	7000000	287.1400
9000000	8000000	607.3111
9000000	9000000	1900.0599
9000000	10000000	654.8114
9000000	11000000	242.8682
9000000	12000000	173.5573
9000000	13000000	123.8707
9000000	14000000	112.7016
9000000	15000000	91.5021
9000000	16000000	92.1041
9000000	17000000	86.1059
9000000	18000000	52.0771
9000000	19000000	63.9951
9000000	20000000	89.9655
9000000	21000000	86.3734
9000000	22000000	81.4618
9000000	23000000	74.6060
9000000	24000000	95.3025
9000000	25000000	88.7886
9000000	26000000	80.8287
9000000	27000000	76.3240
9000000	28000000	71.3131
9000000	29000000	57.7416
9000000	30000000	56.9884
9000000	31000000	59.1996
9000000	32000000	56.0438
9000000	33000000	57.0515
9000000	34000000	54.3960
9000000	35000000	51.0180
9000000	36000000	42.1407
9000000	37000000	31.5973
9000000	38000000	24.7792
9000000	39000000	18.0021
9000000	40000000	25.6749
9000000	41000000	32.0816
9000000	42000000	24.1521
9000000	43000000	36.6496
9000000	44000000	32.6332
9000000	45000000	34.8834
9000000	46000000	25.0761
9000000	47000000	34.7541
9000000	48000000	22.6848
9000000	49000000	23.5002
9000000	50000000	23.1524
9000000	51000000	22.3922
10000000	1000000	54.5879
10000000	2000000	119.1918
10000000	3000000	91.1351
10000000	4000000	91.8215
10000000	5000000	93.6525
10000000	6000000	115.3081
10000000	7000000	158.4906
10000000	8000000	170.1949
10000000	9000000	654.8114
10000000	10000000	2248.5201
10000000	11000000	768.2282
10000000	12000000	284.1855
10000000	13000000	151.5414
10000000	14000000	137.6833
10000000	15000000	105.0638
10000000	16000000	103.6415
10000000	17000000	82.3918
10000000	18000000	52.9510
10000000	19000000	62.8091
10000000	20000000	97.7885
10000000	21000000	94.2643
10000000	22000000	85.0435
10000000	23000000	87.4580
10000000	24000000	97.6769
10000000	25000000	95.3183
10000000	26000000	84.9331
10000000	27000000	79.2681
10000000	28000000	68.7787
10000000	29000000	60.9265
10000000	30000000	78.9737
10000000	31000000	55.5117
10000000	32000000	59.6591
10000000	33000000	51.7950
10000000	34000000	56.6165
10000000	35000000	55.0435
10000000	36000000	43.5666
10000000	37000000	28.3852
10000000	38000000	31.7933
10000000	39000000	18.0098
10000000	40000000	23.4652
10000000	41000000	30.0796
10000000	42000000	20.3187
10000000	43000000	35.6496
10000000	44000000	31.6491
10000000	45000000	35.9072
10000000	46000000	31.7643
10000000	47000000	34.8569
10000000	48000000	28.9582
10000000	49000000	24.6207
10000000	50000000	23.8470
10000000	51000000	21.3207
11000000	1000000	55.6314
11000000	2000000	113.0768
11000000	3000000	89.4577
11000000	4000000	90.5759
11000000	5000000	90.5414
11000000	6000000	95.6873
11000000	7000000	128.5270
11000000	8000000	134.4526
11000000	9000000	242.8682
11000000	10000000	768.2282
11000000	11000000	2417.4012
11000000	12000000	696.9196
11000000	13000000	216.4893
11000000	14000000	157.1009
11000000	15000000	98.6348
11000000	16000000	101.2302
11000000	17000000	76.5253
11000000	18000000	49.9841
11000000	19000000	58.9343
11000000	20000000	86.7353
11000000	21000000	95.0176
11000000	22000000	86.1179
11000000	23000000	92.2970
11000000	24000000	99.7583
11000000	25000000	102.3687
11000000	26000000	85.3173
11000000	27000000	72.7253
11000000	28000000	62.4250
11000000	29000000	58.6880
11000000	30000000	65.9107
11000000	31000000	59.9441
11000000	32000000	62.8197
11000000	33000000	60.0901
11000000	34000000	55.7598
11000000	35000000	65.7571
11000000	36000000	48.1421
11000000	37000000	31.5846
11000000	38000000	26.9115
11000000	39000000	20.4590
11000000	40000000	25.2046
11000000	41000000	37.4988
11000000	42000000	21.9188
11000000	43000000	36.2431
11000000	44000000	33.8844
11000000	45000000	43.8816
11000000	46000000	33.2037
11000000	47000000	38.6863
11000000	48000000	25.2209
11000000	49000000	21.1415
11000000	50000000	20.4500
11000000	51000000	22.6153
12000000	1000000	62.9438
12000000	2000000	143.2404
12000000	3000000	130.8063
12000000	4000000	117.1922
12000000	5000000	123.4912
12000000	6000000	147.2580
12000000	7000000	123.5274
12000000	8000000	123.9455
12000000	9000000	173.5573
12000000	10000000	284.1855
12000000	11000000	696.9196
12000000	12000000	3077.5826
12000000	13000000	666.3690
12000000	14000000	205.1430
12000000	15000000	180.5086
12000000	16000000	124.8570
12000000	17000000	121.7266
12000000	18000000	91.5476
12000000	19000000	102.7693
12000000	20000000	118.4292
12000000	21000000	104.9997
12000000	22000000	97.9097
12000000	23000000	99.0342
12000000	24000000	93.3556
12000000	25000000	113.5713
12000000	26000000	98.3338
12000000	27000000	99.8289
12000000	28000000	77.3457
12000000	29000000	77.9999
12000000	30000000	80.7436
12000000	31000000	73.7262
12000000	32000000	74.3964
12000000	33000000	66.3516
12000000	34000000	55.3324
12000000	35000000	54.6961
12000000	36000000	64.3391
12000000	37000000	52.4517
12000000	38000000	41.1287
12000000	39000000	28.3288
12000000	40000000	39.9333
12000000	41000000	42.5132
12000000	42000000	37.3362
12000000	43000000	42.9163
12000000	44000000	37.5668
12000000	45000000	44.2629
12000000	46000000	38.1410
12000000	47000000	44.4510
12000000	48000000	38.7452
12000000	49000000	33.0183
12000000	50000000	31.3960
12000000	51000000	32.8615
13000000	1000000	60.0607
13000000	2000000	113.0919
13000000	3000000	124.0825
13000000	4000000	106.0099
13000000	5000000	103.7014
13000000	6000000	135.0680
13000000	7000000	113.3595
13000000	8000000	106.2391
13000000	9000000	123.8707
13000000	10000000	151.5414
13000000	11000000	216.4893
13000000	12000000	666.3690
13000000	13000000	2309.7998
13000000	14000000	646.2376
13000000	15000000	306.7625
13000000	16000000	175.9094
13000000	17000000	132.7642
13000000	18000000	92.1407
13000000	19000000	88.1007
13000000	20000000	112.4010
13000000	21000000	101.4895
13000000	22000000	93.6549
13000000	23000000	87.1188
13000000	24000000	103.4396
13000000	25000000	114.9167
13000000	26000000	103.3674
13000000	27000000	106.9003
13000000	28000000	85.5576
13000000	29000000	86.9651
13000000	30000000	83.8154
13000000	31000000	74.7530
13000000	32000000	74.9556
13000000	33000000	67.2366
13000000	34000000	61.5205
13000000	35000000	64.5635
13000000	36000000	71.7612
13000000	37000000	53.8271
13000000	38000000	30.5829
13000000	39000000	31.8911
13000000	40000000	34.7682
13000000	41000000	43.2540
13000000	42000000	37.2945
13000000	43000000	48.2343
13000000	44000000	45.7884
13000000	45000000	49.7675
13000000	46000000	41.0722
13000000	47000000	48.9347
13000000	48000000	32.5280
13000000	49000000	30.0721
13000000	50000000	29.6399
13000000	51000000	30.8145
14000000	1000000	43.2881
14000000	2000000	96.7592
14000000	3000000	100.3868
14000000	4000000	69.4076
14000000	5000000	85.4691
14000000	6000000	90.7612
14000000	7000000	103.4085
14000000	8000000	90.4281
14000000	9000000	112.7016
14000000	10000000	137.6833
14000000	11000000	157.1009
14000000	12000000	205.1430
14000000	13000000	646.2376
14000000	14000000	2409.2620
14000000	15000000	677.8283
14000000	16000000	254.8907
14000000	17000000	105.3509
14000000	18000000	60.3154
14000000	19000000	69.8404
14000000	20000000	111.8429
14000000	21000000	97.2154
14000000	22000000	98.4989
14000000	23000000	100.5446
14000000	24000000	113.2079
14000000	25000000	110.2208
14000000	26000000	105.7030
14000000	27000000	81.7176
14000000	28000000	82.1287
14000000	29000000	69.5881
14000000	30000000	84.7451
14000000	31000000	66.3857
14000000	32000000	77.8675
14000000	33000000	70.2978
14000000	34000000	77.0985
14000000	35000000	75.1418
14000000	36000000	64.7498
14000000	37000000	38.7141
14000000	38000000	31.0863
14000000	39000000	21.6606
14000000	40000000	27.7466
14000000	41000000	35.1917
14000000	42000000	29.7374
14000000	43000000	45.7326
14000000	44000000	39.6806
14000000	45000000	48.7887
14000000	46000000	44.6433
14000000	47000000	44.4554
14000000	48000000	29.2379
14000000	49000000	26.5865
14000000	50000000	26.5526
14000000	51000000	23.5186
15000000	1000000	44.9599
15000000	2000000	103.8252
15000000	3000000	114.2993
15000000	4000000	96.0997
15000000	5000000	97.8071
15000000	6000000	124.7581
15000000	7000000	95.8203
15000000	8000000	82.0201
15000000	9000000	91.5021
15000000	10000000	105.0638
15000000	11000000	98.6348
15000000	12000000	180.5086
15000000	13000000	306.7625
15000000	14000000	677.8283
15000000	15000000	2245.9595
15000000	16000000	655.2547
15000000	17000000	239.8637
15000000	18000000	123.0588
15000000	19000000	106.1367
15000000	20000000	116.8727
15000000	21000000	98.9343
15000000	22000000	91.6766
15000000	23000000	84.9683
15000000	24000000	84.7028
15000000	25000000	107.3539
15000000	26000000	95.3079
15000000	27000000	98.1915
15000000	28000000	84.2651
15000000	29000000	97.7950
15000000	30000000	76.2829
15000000	31000000	65.3815
15000000	32000000	77.7868
15000000	33000000	69.5095
15000000	34000000	55.8493
15000000	35000000	62.0627
15000000	36000000	81.1513
15000000	37000000	54.8519
15000000	38000000	37.3415
15000000	39000000	29.0786
15000000	40000000	38.4605
15000000	41000000	45.5155
15000000	42000000	41.6747
15000000	43000000	57.6838
15000000	44000000	49.6495
15000000	45000000	45.4275
15000000	46000000	43.5430
15000000	47000000	45.6489
15000000	48000000	37.8907
15000000	49000000	30.5530
15000000	50000000	28.1074
15000000	51000000	34.2271
16000000	1000000	40.4814
16000000	2000000	108.9276
16000000	3000000	93.0111
16000000	4000000	80.9969
16000000	5000000	94.8222
16000000	6000000	97.3178
16000000	7000000	84.0222
16000000	8000000	73.8811
16000000	9000000	92.1041
16000000	10000000	103.6415
16000000	11000000	101.2302
16000000	12000000	124.8570
16000000	13000000	175.9094
16000000	14000000	254.8907
16000000	15000000	655.2547
16000000	16000000	2104.0338
16000000	17000000	540.0891
16000000	18000000	109.4669
16000000	19000000	86.1933
16000000	20000000	118.2736
16000000	21000000	99.3521
16000000	22000000	98.7914
16000000	23000000	84.2434
16000000	24000000	98.1768
16000000	25000000	92.0182
16000000	26000000	101.2279
16000000	27000000	83.4821
16000000	28000000	74.4891
16000000	29000000	67.8726
16000000	30000000	89.1860
16000000	31000000	68.2327
16000000	32000000	77.5047
16000000	33000000	75.7026
16000000	34000000	65.4411
16000000	35000000	59.9314
16000000	36000000	59.2317
16000000	37000000	47.1160
16000000	38000000	30.4765
16000000	39000000	23.1988
16000000	40000000	40.8267
16000000	41000000	43.0559
16000000	42000000	29.2184
16000000	43000000	47.9726
16000000	44000000	43.1806
16000000	45000000	49.2694
16000000	46000000	38.1118
16000000	47000000	44.7509
16000000	48000000	32.7425
16000000	49000000	28.5610
16000000	50000000	30.5405
16000000	51000000	24.4591
17000000	1000000	35.5779
17000000	2000000	98.2428
17000000	3000000	118.1834
17000000	4000000	131.5444
17000000	5000000	118.1336
17000000	6000000	121.5861
17000000	7000000	84.8263
17000000	8000000	81.6973
17000000	9000000	86.1059
17000000	10000000	82.3918
17000000	11000000	76.5253
17000000	12000000	121.7266
17000000	13000000	132.7642
17000000	14000000	105.3509
17000000	15000000	239.8637
17000000	16000000	540.0891
17000000	17000000	3291.2464
17000000	18000000	730.3614
17000000	19000000	195.2385
17000000	20000000	142.5595
17000000	21000000	99.7435
17000000	22000000	95.2956
17000000	23000000	99.2806
17000000	24000000	79.7611
17000000	25000000	118.4720
17000000	26000000	88.7151
17000000	27000000	106.2686
17000000	28000000	87.0475
17000000	29000000	111.3076
17000000	30000000	74.0629
17000000	31000000	74.1098
17000000	32000000	72.0986
17000000	33000000	69.5966
17000000	34000000	51.1160
17000000	35000000	52.5295
17000000	36000000	90.3947
17000000	37000000	91.5720
17000000	38000000	73.3924
17000000	39000000	54.1112
17000000	40000000	65.5957
17000000	41000000	74.0450
17000000	42000000	62.9387
17000000	43000000	60.4046
17000000	44000000	61.8343
17000000	45000000	54.0496
17000000	46000000	51.6446
17000000	47000000	54.1798
17000000	48000000	69.7054
17000000	49000000	52.1072
17000000	50000000	58.3615
17000000	51000000	55.2187
18000000	1000000	29.2694
18000000	2000000	68.9178
18000000	3000000	100.4268
18000000	4000000	118.1627
18000000	5000000	105.8751
18000000	6000000	110.6572
18000000	7000000	48.5270
18000000	8000000	53.2317
18000000	9000000	52.0771
18000000	10000000	52.9510
18000000	11000000	49.9841
18000000	12000000	91.5476
18000000	13000000	92.1407
18000000	14000000	60.3154
18000000	15000000	123.0588
18000000	16000000	109.4669
18000000	17000000	730.3614
18000000	18000000	3443.6363
18000000	19000000	744.6880
18000000	20000000	146.0608
18000000	21000000	90.5397
18000000	22000000	76.2200
18000000	23000000	68.6421
18000000	24000000	62.1203
18000000	25000000	96.9490
18000000	26000000	79.3544
18000000	27000000	80.4089
18000000	28000000	77.2027
18000000	29000000	120.6632
18000000	30000000	54.5018
18000000	31000000	60.0034
18000000	32000000	65.3369
18000000	33000000	50.2851
18000000	34000000	40.1304
18000000	35000000	35.6258
18000000	36000000	91.8025
18000000	37000000	95.9169
18000000	38000000	89.5860
18000000	39000000	74.2430
18000000	40000000	86.8390
18000000	41000000	90.3574
18000000	42000000	83.8796
18000000	43000000	58.6646
18000000	44000000	62.3040
18000000	45000000	41.8418
18000000	46000000	36.8426
18000000	47000000	51.5908
18000000	48000000	78.5283
18000000	49000000	72.9668
18000000	50000000	63.5133
18000000	51000000	55.6945
19000000	1000000	26.8823
19000000	2000000	80.9006
19000000	3000000	107.6010
19000000	4000000	111.4309
19000000	5000000	112.5198
19000000	6000000	104.3145
19000000	7000000	64.9781
19000000	8000000	69.3702
19000000	9000000	63.9951
19000000	10000000	62.8091
19000000	11000000	58.9343
19000000	12000000	102.7693
19000000	13000000	88.1007
19000000	14000000	69.8404
19000000	15000000	106.1367
19000000	16000000	86.1933
19000000	17000000	195.2385
19000000	18000000	744.6880
19000000	19000000	3345.8857
19000000	20000000	726.4802
19000000	21000000	189.2520
19000000	22000000	131.7918
19000000	23000000	105.3322
19000000	24000000	85.5374
19000000	25000000	138.3760
19000000	26000000	108.9497
19000000	27000000	97.6737
19000000	28000000	83.7907
19000000	29000000	121.7116
19000000	30000000	77.4821
19000000	31000000	75.0951
19000000	32000000	73.2612
19000000	33000000	64.3702
19000000	34000000	54.2692
19000000	35000000	52.9023
19000000	36000000	107.1880
19000000	37000000	82.5736
19000000	38000000	66.1452
19000000	39000000	43.2909
19000000	40000000	70.4667
19000000	41000000	73.6735
19000000	42000000	73.0362
19000000	43000000	59.0611
19000000	44000000	74.3666
19000000	45000000	54.2894
19000000	46000000	44.7123
19000000	47000000	57.1859
19000000	48000000	61.3375
19000000	49000000	54.2892
19000000	50000000	52.4902
19000000	51000000	52.3812
20000000	1000000	42.8864
20000000	2000000	98.8700
20000000	3000000	101.5258
20000000	4000000	108.6699
20000000	5000000	98.6171
20000000	6000000	117.9728
20000000	7000000	100.8963
20000000	8000000	101.2977
20000000	9000000	89.9655
20000000	10000000	97.7885
20000000	11000000	86.7353
20000000	12000000	118.4292
20000000	13000000	112.4010
20000000	14000000	111.8429
20000000	15000000	116.8727
20000000	16000000	118.2736
20000000	17000000	142.5595
20000000	18000000	146.0608
20000000	19000000	726.4802
20000000	20000000	3652.1588
20000000	21000000	879.2810
20000000	22000000	254.8026
20000000	23000000	163.5623
20000000	24000000	150.6315
20000000	25000000	170.5052
20000000	26000000	143.5295
20000000	27000000	133.4218
20000000	28000000	116.6364
20000000	29000000	111.3932
20000000	30000000	103.8232
20000000	31000000	97.8053
20000000	32000000	110.8919
20000000	33000000	86.9700
20000000	34000000	88.0043
20000000	35000000	82.4043
20000000	36000000	88.2975
20000000	37000000	60.5030
20000000	38000000	42.6060
20000000	39000000	33.7126
20000000	40000000	42.5514
20000000	41000000	48.7871
20000000	42000000	44.5396
20000000	43000000	61.3107
20000000	44000000	62.8446
20000000	45000000	69.6191
20000000	46000000	65.2850
20000000	47000000	68.7843
20000000	48000000	49.7903
20000000	49000000	41.2204
20000000	50000000	34.3906
20000000	51000000	38.5944
21000000	1000000	45.3459
21000000	2000000	87.5150
21000000	3000000	81.8153
21000000	4000000	79.9762
21000000	5000000	77.0861
21000000	6000000	90.9210
21000000	7000000	82.6062
21000000	8000000	78.1419
21000000	9000000	86.3734
21000000	10000000	94.2643
21000000	11000000	95.0176
21000000	12000000	104.9997
21000000	13000000	101.4895
21000000	14000000	97.2154
21000000	15000000	98.9343
21000000	16000000	99.3521
21000000	17000000	99.7435
21000000	18000000	90.5397
21000000	19000000	189.2520
21000000	20000000	879.2810
21000000	21000000	2664.9831
21000000	22000000	731.3009
21000000	23000000	253.2830
21000000	24000000	207.1133
21000000	25000000	139.2886
21000000	26000000	133.4611
21000000	27000000	114.9287
21000000	28000000	98.3003
21000000	29000000	87.6677
21000000	30000000	95.3753
21000000	31000000	88.0511
21000000	32000000	99.5027
21000000	33000000	93.5164
21000000	34000000	79.7443
21000000	35000000	79.5739
21000000	36000000	66.5565
21000000	37000000	43.9624
21000000	38000000	36.2321
21000000	39000000	24.8785
21000000	40000000	37.5130
21000000	41000000	41.8939
21000000	42000000	32.5366
21000000	43000000	56.1151
21000000	44000000	58.1516
21000000	45000000	65.6666
21000000	46000000	47.0855
21000000	47000000	51.3732
21000000	48000000	36.9550
21000000	49000000	29.6042
21000000	50000000	36.4985
21000000	51000000	31.5857
22000000	1000000	37.9964
22000000	2000000	80.0369
22000000	3000000	72.5446
22000000	4000000	67.8352
22000000	5000000	77.9033
22000000	6000000	92.8961
22000000	7000000	86.5848
22000000	8000000	75.7975
22000000	9000000	81.4618
22000000	10000000	85.0435
22000000	11000000	86.1179
22000000	12000000	97.9097
22000000	13000000	93.6549
22000000	14000000	98.4989
22000000	15000000	91.6766
22000000	16000000	98.7914
22000000	17000000	95.2956
22000000	18000000	76.2200
22000000	19000000	131.7918
22000000	20000000	254.8026
22000000	21000000	731.3009
22000000	22000000	2667.2672
22000000	23000000	919.5302
22000000	24000000	368.3690
22000000	25000000	172.3813
22000000	26000000	158.8857
22000000	27000000	130.0842
22000000	28000000	98.7119
22000000	29000000	98.5057
22000000	30000000	99.9702
22000000	31000000	80.5615
22000000	32000000	95.0178
22000000	33000000	78.6058
22000000	34000000	86.6030
22000000	35000000	89.7519
22000000	36000000	76.4235
22000000	37000000	45.6211
22000000	38000000	37.2415
22000000	39000000	26.9705
22000000	40000000	33.8824
22000000	41000000	43.5435
22000000	42000000	35.8225
22000000	43000000	56.7062
22000000	44000000	51.0382
22000000	45000000	65.9397
22000000	46000000	44.2333
22000000	47000000	56.4051
22000000	48000000	41.9266
22000000	49000000	31.1470
22000000	50000000	27.7011
22000000	51000000	28.9791
23000000	1000000	36.8959
23000000	2000000	82.0336
23000000	3000000	73.4104
23000000	4000000	69.1474
23000000	5000000	80.4370
23000000	6000000	90.9299
23000000	7000000	77.9014
23000000	8000000	75.9822
23000000	9000000	74.6060
23000000	10000000	87.4580
23000000	11000000	92.2970
23000000	12000000	99.0342
23000000	13000000	87.1188
23000000	14000000	100.5446
23000000	15000000	84.9683
23000000	16000000	84.2434
23000000	17000000	99.2806
23000000	18000000	68.6421
23000000	19000000	105.3322
23000000	20000000	163.5623
23000000	21000000	253.2830
23000000	22000000	919.5302
23000000	23000000	2834.4970
23000000	24000000	845.6697
23000000	25000000	235.3242
23000000	26000000	171.8496
23000000	27000000	136.0378
23000000	28000000	104.1833
23000000	29000000	91.9641
23000000	30000000	92.8368
23000000	31000000	93.7517
23000000	32000000	92.4244
23000000	33000000	90.7429
23000000	34000000	75.5024
23000000	35000000	85.1383
23000000	36000000	80.0034
23000000	37000000	44.5096
23000000	38000000	35.6264
23000000	39000000	26.8593
23000000	40000000	25.9646
23000000	41000000	41.6270
23000000	42000000	31.8804
23000000	43000000	47.7737
23000000	44000000	51.8314
23000000	45000000	53.3192
23000000	46000000	55.6609
23000000	47000000	60.1446
23000000	48000000	45.1946
23000000	49000000	29.5607
23000000	50000000	29.0343
23000000	51000000	31.4329
24000000	1000000	47.5829
24000000	2000000	80.1141
24000000	3000000	73.5746
24000000	4000000	72.6073
24000000	5000000	73.0389
24000000	6000000	81.5324
24000000	7000000	85.1246
24000000	8000000	79.9381
24000000	9000000	95.3025
24000000	10000000	97.6769
24000000	11000000	99.7583
24000000	12000000	93.3556
24000000	13000000	103.4396
24000000	14000000	113.2079
24000000	15000000	84.7028
24000000	16000000	98.1768
24000000	17000000	79.7611
24000000	18000000	62.1203
24000000	19000000	85.5374
24000000	20000000	150.6315
24000000	21000000	207.1133
24000000	22000000	368.3690
24000000	23000000	845.6697
24000000	24000000	2606.2734
24000000	25000000	806.7497
24000000	26000000	311.7510
24000000	27000000	166.1084
24000000	28000000	143.2808
24000000	29000000	100.2376
24000000	30000000	106.3868
24000000	31000000	89.4079
24000000	32000000	107.4625
24000000	33000000	98.1333
24000000	34000000	92.5721
24000000	35000000	95.4745
24000000	36000000	71.1417
24000000	37000000	47.5979
24000000	38000000	32.2869
24000000	39000000	23.1012
24000000	40000000	28.8446
24000000	41000000	35.1266
24000000	42000000	35.5157
24000000	43000000	59.7568
24000000	44000000	50.1574
24000000	45000000	69.1449
24000000	46000000	54.4647
24000000	47000000	58.2510
24000000	48000000	39.6640
24000000	49000000	27.2539
24000000	50000000	35.1202
24000000	51000000	28.8642
25000000	1000000	39.4483
25000000	2000000	100.8522
25000000	3000000	99.1900
25000000	4000000	109.4425
25000000	5000000	109.1827
25000000	6000000	123.4121
25000000	7000000	96.5220
25000000	8000000	90.3914
25000000	9000000	88.7886
25000000	10000000	95.3183
25000000	11000000	102.3687
25000000	12000000	113.5713
25000000	13000000	114.9167
25000000	14000000	110.2208
25000000	15000000	107.3539
25000000	16000000	92.0182
25000000	17000000	118.4720
25000000	18000000	96.9490
25000000	19000000	138.3760
25000000	20000000	170.5052
25000000	21000000	139.2886
25000000	22000000	172.3813
25000000	23000000	235.3242
25000000	24000000	806.7497
25000000	25000000	3676.4209
25000000	26000000	742.5925
25000000	27000000	268.1078
25000000	28000000	169.6416
25000000	29000000	149.6560
25000000	30000000	110.4096
25000000	31000000	105.9198
25000000	32000000	122.6925
25000000	33000000	107.9187
25000000	34000000	93.9152
25000000	35000000	98.1659
25000000	36000000	114.4664
25000000	37000000	77.7797
25000000	38000000	51.6629
25000000	39000000	40.2282
25000000	40000000	55.6001
25000000	41000000	62.1123
25000000	42000000	55.6534
25000000	43000000	75.0728
25000000	44000000	86.7420
25000000	45000000	76.8019
25000000	46000000	70.8748
25000000	47000000	70.0812
25000000	48000000	59.2101
25000000	49000000	38.7464
25000000	50000000	44.6557
25000000	51000000	45.3867
26000000	1000000	41.3349
26000000	2000000	78.4565
26000000	3000000	86.2990
26000000	4000000	71.0304
26000000	5000000	88.0154
26000000	6000000	98.1336
26000000	7000000	83.4345
26000000	8000000	72.2873
26000000	9000000	80.8287
26000000	10000000	84.9331
26000000	11000000	85.3173
26000000	12000000	98.3338
26000000	13000000	103.3674
26000000	14000000	105.7030
26000000	15000000	95.3079
26000000	16000000	101.2279
26000000	17000000	88.7151
26000000	18000000	79.3544
26000000	19000000	108.9497
26000000	20000000	143.5295
26000000	21000000	133.4611
26000000	22000000	158.8857
26000000	23000000	171.8496
26000000	24000000	311.7510
26000000	25000000	742.5925
26000000	26000000	2869.2322
26000000	27000000	668.3396
26000000	28000000	224.5230
26000000	29000000	132.1195
26000000	30000000	133.2523
26000000	31000000	103.3130
26000000	32000000	124.0055
26000000	33000000	109.8850
26000000	34000000	93.2432
26000000	35000000	93.2112
26000000	36000000	98.7811
26000000	37000000	68.0120
26000000	38000000	43.0242
26000000	39000000	32.5294
26000000	40000000	46.5493
26000000	41000000	47.5781
26000000	42000000	50.8359
26000000	43000000	72.6047
26000000	44000000	78.2555
26000000	45000000	76.2507
26000000	46000000	67.4714
26000000	47000000	71.2731
26000000	48000000	49.4458
26000000	49000000	33.9529
26000000	50000000	44.8305
26000000	51000000	41.3259
27000000	1000000	36.9289
27000000	2000000	86.1509
27000000	3000000	84.4438
27000000	4000000	80.5972
27000000	5000000	80.6314
27000000	6000000	90.4029
27000000	7000000	80.3978
27000000	8000000	79.7943
27000000	9000000	76.3240
27000000	10000000	79.2681
27000000	11000000	72.7253
27000000	12000000	99.8289
27000000	13000000	106.9003
27000000	14000000	81.7176
27000000	15000000	98.1915
27000000	16000000	83.4821
27000000	17000000	106.2686
27000000	18000000	80.4089
27000000	19000000	97.6737
27000000	20000000	133.4218
27000000	21000000	114.9287
27000000	22000000	130.0842
27000000	23000000	136.0378
27000000	24000000	166.1084
27000000	25000000	268.1078
27000000	26000000	668.3396
27000000	27000000	2901.1590
27000000	28000000	831.1423
27000000	29000000	247.3489
27000000	30000000	147.8260
27000000	31000000	130.8011
27000000	32000000	120.6843
27000000	33000000	114.6788
27000000	34000000	99.0719
27000000	35000000	97.9464
27000000	36000000	111.6084
27000000	37000000	70.6533
27000000	38000000	42.2771
27000000	39000000	35.2236
27000000	40000000	45.8663
27000000	41000000	65.6915
27000000	42000000	55.6903
27000000	43000000	75.7229
27000000	44000000	80.3591
27000000	45000000	78.0836
27000000	46000000	72.6088
27000000	47000000	71.6343
27000000	48000000	49.1654
27000000	49000000	41.3666
27000000	50000000	42.7391
27000000	51000000	40.5809
28000000	1000000	30.2322
28000000	2000000	68.5866
28000000	3000000	73.4043
28000000	4000000	77.3571
28000000	5000000	72.4570
28000000	6000000	75.0372
28000000	7000000	69.2619
28000000	8000000	61.3116
28000000	9000000	71.3131
28000000	10000000	68.7787
28000000	11000000	62.4250
28000000	12000000	77.3457
28000000	13000000	85.5576
28000000	14000000	82.1287
28000000	15000000	84.2651
28000000	16000000	74.4891
28000000	17000000	87.0475
28000000	18000000	77.2027
28000000	19000000	83.7907
28000000	20000000	116.6364
28000000	21000000	98.3003
28000000	22000000	98.7119
28000000	23000000	104.1833
28000000	24000000	143.2808
28000000	25000000	169.6416
28000000	26000000	224.5230
28000000	27000000	831.1423
28000000	28000000	2866.9878
28000000	29000000	591.2500
28000000	30000000	182.0556
28000000	31000000	135.0551
28000000	32000000	138.5206
28000000	33000000	113.8553
28000000	34000000	92.4537
28000000	35000000	89.6968
28000000	36000000	111.9088
28000000	37000000	72.0908
28000000	38000000	54.6287
28000000	39000000	41.0417
28000000	40000000	51.8723
28000000	41000000	53.7867
28000000	42000000	58.3304
28000000	43000000	63.5998
28000000	44000000	80.6986
28000000	45000000	82.7550
28000000	46000000	81.9983
28000000	47000000	74.4181
28000000	48000000	54.5546
28000000	49000000	43.6571
28000000	50000000	37.0938
28000000	51000000	46.3740
29000000	1000000	25.4443
29000000	2000000	63.1929
29000000	3000000	77.6944
29000000	4000000	91.1747
29000000	5000000	82.4531
29000000	6000000	83.5629
29000000	7000000	54.9574
29000000	8000000	55.4538
29000000	9000000	57.7416
29000000	10000000	60.9265
29000000	11000000	58.6880
29000000	12000000	77.9999
29000000	13000000	86.9651
29000000	14000000	69.5881
29000000	15000000	97.7950
29000000	16000000	67.8726
29000000	17000000	111.3076
29000000	18000000	120.6632
29000000	19000000	121.7116
29000000	20000000	111.3932
29000000	21000000	87.6677
29000000	22000000	98.5057
29000000	23000000	91.9641
29000000	24000000	100.2376
29000000	25000000	149.6560
29000000	26000000	132.1195
29000000	27000000	247.3489
29000000	28000000	591.2500
29000000	29000000	2904.7863
29000000	30000000	653.4660
29000000	31000000	297.2218
29000000	32000000	199.7356
29000000	33000000	136.6241
29000000	34000000	89.4906
29000000	35000000	85.1843
29000000	36000000	160.0586
29000000	37000000	129.1478
29000000	38000000	83.4114
29000000	39000000	53.9075
29000000	40000000	66.8989
29000000	41000000	84.1615
29000000	42000000	101.7093
29000000	43000000	111.0322
29000000	44000000	106.2668
29000000	45000000	82.2388
29000000	46000000	82.7125
29000000	47000000	88.1904
29000000	48000000	102.5455
29000000	49000000	64.8904
29000000	50000000	67.0257
29000000	51000000	53.3863
30000000	1000000	24.3019
30000000	2000000	66.9720
30000000	3000000	65.1980
30000000	4000000	67.1383
30000000	5000000	62.4343
30000000	6000000	73.7831
30000000	7000000	72.9464
30000000	8000000	60.9115
30000000	9000000	56.9884
30000000	10000000	78.9737
30000000	11000000	65.9107
30000000	12000000	80.7436
30000000	13000000	83.8154
30000000	14000000	84.7451
30000000	15000000	76.2829
30000000	16000000	89.1860
30000000	17000000	74.0629
30000000	18000000	54.5018
30000000	19000000	77.4821
30000000	20000000	103.8232
30000000	21000000	95.3753
30000000	22000000	99.9702
30000000	23000000	92.8368
30000000	24000000	106.3868
30000000	25000000	110.4096
30000000	26000000	133.2523
30000000	27000000	147.8260
30000000	28000000	182.0556
30000000	29000000	653.4660
30000000	30000000	2571.1498
30000000	31000000	1193.1687
30000000	32000000	306.0562
30000000	33000000	173.5867
30000000	34000000	147.4817
30000000	35000000	127.9182
30000000	36000000	111.0287
30000000	37000000	69.0666
30000000	38000000	43.8908
30000000	39000000	26.1538
30000000	40000000	47.5249
30000000	41000000	55.4295
30000000	42000000	51.0993
30000000	43000000	92.7278
30000000	44000000	85.8390
30000000	45000000	106.0058
30000000	46000000	89.6274
30000000	47000000	87.7290
30000000	48000000	50.9813
30000000	49000000	45.5280
30000000	50000000	40.0746
30000000	51000000	36.4130
31000000	1000000	28.4728
31000000	2000000	55.9470
31000000	3000000	59.0025
31000000	4000000	62.1217
31000000	5000000	65.5013
31000000	6000000	64.4312
31000000	7000000	58.0247
31000000	8000000	49.7141
31000000	9000000	59.1996
31000000	10000000	55.5117
31000000	11000000	59.9441
31000000	12000000	73.7262
31000000	13000000	74.7530
31000000	14000000	66.3857
31000000	15000000	65.3815
31000000	16000000	68.2327
31000000	17000000	74.1098
31000000	18000000	60.0034
31000000	19000000	75.0951
31000000	20000000	97.8053
31000000	21000000	88.0511
31000000	22000000	80.5615
31000000	23000000	93.7517
31000000	24000000	89.4079
31000000	25000000	105.9198
31000000	26000000	103.3130
31000000	27000000	130.8011
31000000	28000000	135.0551
31000000	29000000	297.2218
31000000	30000000	1193.1687
31000000	31000000	2420.9350
31000000	32000000	571.5832
31000000	33000000	195.9838
31000000	34000000	142.9626
31000000	35000000	105.6817
31000000	36000000	120.1218
31000000	37000000	75.7018
31000000	38000000	44.6511
31000000	39000000	28.9141
31000000	40000000	41.8503
31000000	41000000	51.5424
31000000	42000000	47.1843
31000000	43000000	80.2499
31000000	44000000	91.2703
31000000	45000000	93.8137
31000000	46000000	84.3201
31000000	47000000	87.5762
31000000	48000000	53.8894
31000000	49000000	36.7104
31000000	50000000	42.9959
31000000	51000000	40.8861
32000000	1000000	26.3868
32000000	2000000	66.7499
32000000	3000000	62.9668
32000000	4000000	59.5711
32000000	5000000	72.6098
32000000	6000000	70.3169
32000000	7000000	59.5622
32000000	8000000	55.6985
32000000	9000000	56.0438
32000000	10000000	59.6591
32000000	11000000	62.8197
32000000	12000000	74.3964
32000000	13000000	74.9556
32000000	14000000	77.8675
32000000	15000000	77.7868
32000000	16000000	77.5047
32000000	17000000	72.0986
32000000	18000000	65.3369
32000000	19000000	73.2612
32000000	20000000	110.8919
32000000	21000000	99.5027
32000000	22000000	95.0178
32000000	23000000	92.4244
32000000	24000000	107.4625
32000000	25000000	122.6925
32000000	26000000	124.0055
32000000	27000000	120.6843
32000000	28000000	138.5206
32000000	29000000	199.7356
32000000	30000000	306.0562
32000000	31000000	571.5832
32000000	32000000	2583.0008
32000000	33000000	659.9146
32000000	34000000	216.2612
32000000	35000000	182.8313
32000000	36000000	150.0573
32000000	37000000	80.9163
32000000	38000000	44.2798
32000000	39000000	30.3693
32000000	40000000	44.2473
32000000	41000000	54.4030
32000000	42000000	52.6277
32000000	43000000	91.6319
32000000	44000000	111.4020
32000000	45000000	111.4192
32000000	46000000	91.2869
32000000	47000000	97.9955
32000000	48000000	58.9047
32000000	49000000	37.0009
32000000	50000000	41.5457
32000000	51000000	39.4844
33000000	1000000	27.4739
33000000	2000000	53.7634
33000000	3000000	62.5137
33000000	4000000	57.5358
33000000	5000000	58.1086
33000000	6000000	56.8225
33000000	7000000	53.2625
33000000	8000000	55.2559
33000000	9000000	57.0515
33000000	10000000	51.7950
33000000	11000000	60.0901
33000000	12000000	66.3516
33000000	13000000	67.2366
33000000	14000000	70.2978
33000000	15000000	69.5095
33000000	16000000	75.7026
33000000	17000000	69.5966
33000000	18000000	50.2851
33000000	19000000	64.3702
33000000	20000000	86.9700
33000000	21000000	93.5164
33000000	22000000	78.6058
33000000	23000000	90.7429
33000000	24000000	98.1333
33000000	25000000	107.9187
33000000	26000000	109.8850
33000000	27000000	114.6788
33000000	28000000	113.8553
33000000	29000000	136.6241
33000000	30000000	173.5867
33000000	31000000	195.9838
33000000	32000000	659.9146
33000000	33000000	2102.2477
33000000	34000000	536.9966
33000000	35000000	291.5340
33000000	36000000	192.7728
33000000	37000000	80.5057
33000000	38000000	42.9006
33000000	39000000	32.3925
33000000	40000000	38.1551
33000000	41000000	49.4755
33000000	42000000	48.0357
33000000	43000000	103.0320
33000000	44000000	105.5771
33000000	45000000	108.9098
33000000	46000000	90.8817
33000000	47000000	96.9656
33000000	48000000	57.0444
33000000	49000000	30.3618
33000000	50000000	35.4024
33000000	51000000	36.6078
34000000	1000000	20.3525
34000000	2000000	45.3726
34000000	3000000	47.9223
34000000	4000000	44.3534
34000000	5000000	54.0160
34000000	6000000	46.6890
34000000	7000000	51.4655
34000000	8000000	45.2900
34000000	9000000	54.3960
34000000	10000000	56.6165
34000000	11000000	55.7598
34000000	12000000	55.3324
34000000	13000000	61.5205
34000000	14000000	77.0985
34000000	15000000	55.8493
34000000	16000000	65.4411
34000000	17000000	51.1160
34000000	18000000	40.1304
34000000	19000000	54.2692
34000000	20000000	88.0043
34000000	21000000	79.7443
34000000	22000000	86.6030
34000000	23000000	75.5024
34000000	24000000	92.5721
34000000	25000000	93.9152
34000000	26000000	93.2432
34000000	27000000	99.0719
34000000	28000000	92.4537
34000000	29000000	89.4906
34000000	30000000	147.4817
34000000	31000000	142.9626
34000000	32000000	216.2612
34000000	33000000	536.9966
34000000	34000000	1967.8058
34000000	35000000	814.2623
34000000	36000000	228.5611
34000000	37000000	78.3069
34000000	38000000	35.1424
34000000	39000000	21.6320
34000000	40000000	31.0012
34000000	41000000	39.2672
34000000	42000000	38.4444
34000000	43000000	93.0404
34000000	44000000	91.4491
34000000	45000000	106.2209
34000000	46000000	84.0382
34000000	47000000	86.3604
34000000	48000000	40.6808
34000000	49000000	32.0498
34000000	50000000	26.8466
34000000	51000000	36.5692
35000000	1000000	20.4463
35000000	2000000	45.3996
35000000	3000000	48.3726
35000000	4000000	41.2595
35000000	5000000	49.5994
35000000	6000000	45.3806
35000000	7000000	54.4544
35000000	8000000	46.2937
35000000	9000000	51.0180
35000000	10000000	55.0435
35000000	11000000	65.7571
35000000	12000000	54.6961
35000000	13000000	64.5635
35000000	14000000	75.1418
35000000	15000000	62.0627
35000000	16000000	59.9314
35000000	17000000	52.5295
35000000	18000000	35.6258
35000000	19000000	52.9023
35000000	20000000	82.4043
35000000	21000000	79.5739
35000000	22000000	89.7519
35000000	23000000	85.1383
35000000	24000000	95.4745
35000000	25000000	98.1659
35000000	26000000	93.2112
35000000	27000000	97.9464
35000000	28000000	89.6968
35000000	29000000	85.1843
35000000	30000000	127.9182
35000000	31000000	105.6817
35000000	32000000	182.8313
35000000	33000000	291.5340
35000000	34000000	814.2623
35000000	35000000	1611.9109
35000000	36000000	456.5373
35000000	37000000	93.1692
35000000	38000000	33.6453
35000000	39000000	25.0282
35000000	40000000	33.3485
35000000	41000000	46.2512
35000000	42000000	38.8133
35000000	43000000	100.2576
35000000	44000000	85.0468
35000000	45000000	102.3400
35000000	46000000	89.9745
35000000	47000000	88.4619
35000000	48000000	39.3366
35000000	49000000	23.3354
35000000	50000000	26.8079
35000000	51000000	23.9614
36000000	1000000	22.9953
36000000	2000000	47.9074
36000000	3000000	66.7671
36000000	4000000	69.3688
36000000	5000000	63.4847
36000000	6000000	72.4088
36000000	7000000	57.2324
36000000	8000000	47.7707
36000000	9000000	42.1407
36000000	10000000	43.5666
36000000	11000000	48.1421
36000000	12000000	64.3391
36000000	13000000	71.7612
36000000	14000000	64.7498
36000000	15000000	81.1513
36000000	16000000	59.2317
36000000	17000000	90.3947
36000000	18000000	91.8025
36000000	19000000	107.1880
36000000	20000000	88.2975
36000000	21000000	66.5565
36000000	22000000	76.4235
36000000	23000000	80.0034
36000000	24000000	71.1417
36000000	25000000	114.4664
36000000	26000000	98.7811
36000000	27000000	111.6084
36000000	28000000	111.9088
36000000	29000000	160.0586
36000000	30000000	111.0287
36000000	31000000	120.1218
36000000	32000000	150.0573
36000000	33000000	192.7728
36000000	34000000	228.5611
36000000	35000000	456.5373
36000000	36000000	2375.8568
36000000	37000000	538.9665
36000000	38000000	111.1876
36000000	39000000	62.0606
36000000	40000000	77.5450
36000000	41000000	97.2266
36000000	42000000	129.0042
36000000	43000000	157.7874
36000000	44000000	145.2959
36000000	45000000	87.9457
36000000	46000000	102.2485
36000000	47000000	109.6516
36000000	48000000	100.7974
36000000	49000000	59.3013
36000000	50000000	69.2299
36000000	51000000	59.1738
37000000	1000000	14.0991
37000000	2000000	46.2033
37000000	3000000	60.6673
37000000	4000000	64.5275
37000000	5000000	55.3970
37000000	6000000	57.1501
37000000	7000000	30.9621
37000000	8000000	31.2125
37000000	9000000	31.5973
37000000	10000000	28.3852
37000000	11000000	31.5846
37000000	12000000	52.4517
37000000	13000000	53.8271
37000000	14000000	38.7141
37000000	15000000	54.8519
37000000	16000000	47.1160
37000000	17000000	91.5720
37000000	18000000	95.9169
37000000	19000000	82.5736
37000000	20000000	60.5030
37000000	21000000	43.9624
37000000	22000000	45.6211
37000000	23000000	44.5096
37000000	24000000	47.5979
37000000	25000000	77.7797
37000000	26000000	68.0120
37000000	27000000	70.6533
37000000	28000000	72.0908
37000000	29000000	129.1478
37000000	30000000	69.0666
37000000	31000000	75.7018
37000000	32000000	80.9163
37000000	33000000	80.5057
37000000	34000000	78.3069
37000000	35000000	93.1692
37000000	36000000	538.9665
37000000	37000000	2310.3232
37000000	38000000	404.6194
37000000	39000000	125.1569
37000000	40000000	131.6463
37000000	41000000	166.9379
37000000	42000000	127.1988
37000000	43000000	145.4779
37000000	44000000	144.2822
37000000	45000000	69.2346
37000000	46000000	68.2042
37000000	47000000	75.8222
37000000	48000000	123.1822
37000000	49000000	108.8388
37000000	50000000	89.4516
37000000	51000000	73.4639
38000000	1000000	18.4039
38000000	2000000	32.2852
38000000	3000000	47.8449
38000000	4000000	50.8115
38000000	5000000	50.3158
38000000	6000000	45.5441
38000000	7000000	26.9889
38000000	8000000	26.9526
38000000	9000000	24.7792
38000000	10000000	31.7933
38000000	11000000	26.9115
38000000	12000000	41.1287
38000000	13000000	30.5829
38000000	14000000	31.0863
38000000	15000000	37.3415
38000000	16000000	30.4765
38000000	17000000	73.3924
38000000	18000000	89.5860
38000000	19000000	66.1452
38000000	20000000	42.6060
38000000	21000000	36.2321
38000000	22000000	37.2415
38000000	23000000	35.6264
38000000	24000000	32.2869
38000000	25000000	51.6629
38000000	26000000	43.0242
38000000	27000000	42.2771
38000000	28000000	54.6287
38000000	29000000	83.4114
38000000	30000000	43.8908
38000000	31000000	44.6511
38000000	32000000	44.2798
38000000	33000000	42.9006
38000000	34000000	35.1424
38000000	35000000	33.6453
38000000	36000000	111.1876
38000000	37000000	404.6194
38000000	38000000	3603.9234
38000000	39000000	606.1509
38000000	40000000	225.4534
38000000	41000000	169.7106
38000000	42000000	133.8525
38000000	43000000	65.4592
38000000	44000000	98.4481
38000000	45000000	44.4273
38000000	46000000	41.1036
38000000	47000000	55.7973
38000000	48000000	108.7216
38000000	49000000	152.6548
38000000	50000000	114.3532
38000000	51000000	80.4328
39000000	1000000	11.4917
39000000	2000000	26.1261
39000000	3000000	33.3125
39000000	4000000	44.3991
39000000	5000000	40.2428
39000000	6000000	37.1796
39000000	7000000	19.3770
39000000	8000000	17.1617
39000000	9000000	18.0021
39000000	10000000	18.0098
39000000	11000000	20.4590
39000000	12000000	28.3288
39000000	13000000	31.8911
39000000	14000000	21.6606
39000000	15000000	29.0786
39000000	16000000	23.1988
39000000	17000000	54.1112
39000000	18000000	74.2430
39000000	19000000	43.2909
39000000	20000000	33.7126
39000000	21000000	24.8785
39000000	22000000	26.9705
39000000	23000000	26.8593
39000000	24000000	23.1012
39000000	25000000	40.2282
39000000	26000000	32.5294
39000000	27000000	35.2236
39000000	28000000	41.0417
39000000	29000000	53.9075
39000000	30000000	26.1538
39000000	31000000	28.9141
39000000	32000000	30.3693
39000000	33000000	32.3925
39000000	34000000	21.6320
39000000	35000000	25.0282
39000000	36000000	62.0606
39000000	37000000	125.1569
39000000	38000000	606.1509
39000000	39000000	2735.5925
39000000	40000000	567.4507
39000000	41000000	170.9838
39000000	42000000	104.6714
39000000	43000000	47.6960
39000000	44000000	57.5225
39000000	45000000	33.5460
39000000	46000000	29.9202
39000000	47000000	35.9100
39000000	48000000	84.3445
39000000	49000000	121.0936
39000000	50000000	93.8621
39000000	51000000	68.0575
40000000	1000000	15.3217
40000000	2000000	40.8266
40000000	3000000	53.9259
40000000	4000000	65.7264
40000000	5000000	61.6851
40000000	6000000	54.0876
40000000	7000000	32.4082
40000000	8000000	30.2969
40000000	9000000	25.6749
40000000	10000000	23.4652
40000000	11000000	25.2046
40000000	12000000	39.9333
40000000	13000000	34.7682
40000000	14000000	27.7466
40000000	15000000	38.4605
40000000	16000000	40.8267
40000000	17000000	65.5957
40000000	18000000	86.8390
40000000	19000000	70.4667
40000000	20000000	42.5514
40000000	21000000	37.5130
40000000	22000000	33.8824
40000000	23000000	25.9646
40000000	24000000	28.8446
40000000	25000000	55.6001
40000000	26000000	46.5493
40000000	27000000	45.8663
40000000	28000000	51.8723
40000000	29000000	66.8989
40000000	30000000	47.5249
40000000	31000000	41.8503
40000000	32000000	44.2473
40000000	33000000	38.1551
40000000	34000000	31.0012
40000000	35000000	33.3485
40000000	36000000	77.5450
40000000	37000000	131.6463
40000000	38000000	225.4534
40000000	39000000	567.4507
40000000	40000000	4002.8217
40000000	41000000	614.4614
40000000	42000000	177.6685
40000000	43000000	67.3897
40000000	44000000	77.6554
40000000	45000000	48.6362
40000000	46000000	36.2323
40000000	47000000	50.0812
40000000	48000000	94.6778
40000000	49000000	129.9343
40000000	50000000	103.3140
40000000	51000000	81.9679
41000000	1000000	16.6916
41000000	2000000	39.2598
41000000	3000000	55.3839
41000000	4000000	60.6394
41000000	5000000	58.6451
41000000	6000000	57.8103
41000000	7000000	26.3851
41000000	8000000	33.0240
41000000	9000000	32.0816
41000000	10000000	30.0796
41000000	11000000	37.4988
41000000	12000000	42.5132
41000000	13000000	43.2540
41000000	14000000	35.1917
41000000	15000000	45.5155
41000000	16000000	43.0559
41000000	17000000	74.0450
41000000	18000000	90.3574
41000000	19000000	73.6735
41000000	20000000	48.7871
41000000	21000000	41.8939
41000000	22000000	43.5435
41000000	23000000	41.6270
41000000	24000000	35.1266
41000000	25000000	62.1123
41000000	26000000	47.5781
41000000	27000000	65.6915
41000000	28000000	53.7867
41000000	29000000	84.1615
41000000	30000000	55.4295
41000000	31000000	51.5424
41000000	32000000	54.4030
41000000	33000000	49.4755
41000000	34000000	39.2672
41000000	35000000	46.2512
41000000	36000000	97.2266
41000000	37000000	166.9379
41000000	38000000	169.7106
41000000	39000000	170.9838
41000000	40000000	614.4614
41000000	41000000	3242.7276
41000000	42000000	593.5829
41000000	43000000	137.9373
41000000	44000000	108.7798
41000000	45000000	50.9263
41000000	46000000	59.0413
41000000	47000000	68.5017
41000000	48000000	117.8474
41000000	49000000	114.7719
41000000	50000000	110.9014
41000000	51000000	79.1565
42000000	1000000	13.7573
42000000	2000000	28.7494
42000000	3000000	44.9897
42000000	4000000	47.0052
42000000	5000000	51.2466
42000000	6000000	43.9756
42000000	7000000	21.5161
42000000	8000000	27.8283
42000000	9000000	24.1521
42000000	10000000	20.3187
42000000	11000000	21.9188
42000000	12000000	37.3362
42000000	13000000	37.2945
42000000	14000000	29.7374
42000000	15000000	41.6747
42000000	16000000	29.2184
42000000	17000000	62.9387
42000000	18000000	83.8796
42000000	19000000	73.0362
42000000	20000000	44.5396
42000000	21000000	32.5366
42000000	22000000	35.8225
42000000	23000000	31.8804
42000000	24000000	35.5157
42000000	25000000	55.6534
42000000	26000000	50.8359
42000000	27000000	55.6903
42000000	28000000	58.3304
42000000	29000000	101.7093
42000000	30000000	51.0993
42000000	31000000	47.1843
42000000	32000000	52.6277
42000000	33000000	48.0357
42000000	34000000	38.4444
42000000	35000000	38.8133
42000000	36000000	129.0042
42000000	37000000	127.1988
42000000	38000000	133.8525
42000000	39000000	104.6714
42000000	40000000	177.6685
42000000	41000000	593.5829
42000000	42000000	2425.0879
42000000	43000000	340.3773
42000000	44000000	183.7071
42000000	45000000	57.1619
42000000	46000000	59.5222
42000000	47000000	74.0676
42000000	48000000	137.6275
42000000	49000000	114.3962
42000000	50000000	99.2243
42000000	51000000	73.7443
43000000	1000000	17.6559
43000000	2000000	39.0274
43000000	3000000	40.5385
43000000	4000000	45.9007
43000000	5000000	51.8433
43000000	6000000	37.4656
43000000	7000000	35.5216
43000000	8000000	36.7973
43000000	9000000	36.6496
43000000	10000000	35.6496
43000000	11000000	36.2431
43000000	12000000	42.9163
43000000	13000000	48.2343
43000000	14000000	45.7326
43000000	15000000	57.6838
43000000	16000000	47.9726
43000000	17000000	60.4046
43000000	18000000	58.6646
43000000	19000000	59.0611
43000000	20000000	61.3107
43000000	21000000	56.1151
43000000	22000000	56.7062
43000000	23000000	47.7737
43000000	24000000	59.7568
43000000	25000000	75.0728
43000000	26000000	72.6047
43000000	27000000	75.7229
43000000	28000000	63.5998
43000000	29000000	111.0322
43000000	30000000	92.7278
43000000	31000000	80.2499
43000000	32000000	91.6319
43000000	33000000	103.0320
43000000	34000000	93.0404
43000000	35000000	100.2576
43000000	36000000	157.7874
43000000	37000000	145.4779
43000000	38000000	65.4592
43000000	39000000	47.6960
43000000	40000000	67.3897
43000000	41000000	137.9373
43000000	42000000	340.3773
43000000	43000000	1777.3354
43000000	44000000	574.0034
43000000	45000000	173.6698
43000000	46000000	147.3516
43000000	47000000	154.3104
43000000	48000000	96.2771
43000000	49000000	62.3265
43000000	50000000	72.5880
43000000	51000000	48.0261
44000000	1000000	16.4332
44000000	2000000	39.3221
44000000	3000000	43.4296
44000000	4000000	59.9027
44000000	5000000	50.4544
44000000	6000000	48.7820
44000000	7000000	30.8025
44000000	8000000	34.0035
44000000	9000000	32.6332
44000000	10000000	31.6491
44000000	11000000	33.8844
44000000	12000000	37.5668
44000000	13000000	45.7884
44000000	14000000	39.6806
44000000	15000000	49.6495
44000000	16000000	43.1806
44000000	17000000	61.8343
44000000	18000000	62.3040
44000000	19000000	74.3666
44000000	20000000	62.8446
44000000	21000000	58.1516
44000000	22000000	51.0382
44000000	23000000	51.8314
44000000	24000000	50.1574
44000000	25000000	86.7420
44000000	26000000	78.2555
44000000	27000000	80.3591
44000000	28000000	80.6986
44000000	29000000	106.2668
44000000	30000000	85.8390
44000000	31000000	91.2703
44000000	32000000	111.4020
44000000	33000000	105.5771
44000000	34000000	91.4491
44000000	35000000	85.0468
44000000	36000000	145.2959
44000000	37000000	144.2822
44000000	38000000	98.4481
44000000	39000000	57.5225
44000000	40000000	77.6554
44000000	41000000	108.7798
44000000	42000000	183.7071
44000000	43000000	574.0034
44000000	44000000	2494.0669
44000000	45000000	678.8955
44000000	46000000	265.7551
44000000	47000000	216.9502
44000000	48000000	207.9215
44000000	49000000	114.6488
44000000	50000000	92.8738
44000000	51000000	116.5456
45000000	1000000	19.4705
45000000	2000000	43.8701
45000000	3000000	39.6790
45000000	4000000	46.5322
45000000	5000000	46.2449
45000000	6000000	47.6593
45000000	7000000	41.5178
45000000	8000000	29.5037
45000000	9000000	34.8834
45000000	10000000	35.9072
45000000	11000000	43.8816
45000000	12000000	44.2629
45000000	13000000	49.7675
45000000	14000000	48.7887
45000000	15000000	45.4275
45000000	16000000	49.2694
45000000	17000000	54.0496
45000000	18000000	41.8418
45000000	19000000	54.2894
45000000	20000000	69.6191
45000000	21000000	65.6666
45000000	22000000	65.9397
45000000	23000000	53.3192
45000000	24000000	69.1449
45000000	25000000	76.8019
45000000	26000000	76.2507
45000000	27000000	78.0836
45000000	28000000	82.7550
45000000	29000000	82.2388
45000000	30000000	106.0058
45000000	31000000	93.8137
45000000	32000000	111.4192
45000000	33000000	108.9098
45000000	34000000	106.2209
45000000	35000000	102.3400
45000000	36000000	87.9457
45000000	37000000	69.2346
45000000	38000000	44.4273
45000000	39000000	33.5460
45000000	40000000	48.6362
45000000	41000000	50.9263
45000000	42000000	57.1619
45000000	43000000	173.6698
45000000	44000000	678.8955
45000000	45000000	2663.5128
45000000	46000000	669.3372
45000000	47000000	303.1981
45000000	48000000	106.3998
45000000	49000000	47.2051
45000000	50000000	47.4592
45000000	51000000	66.9132
46000000	1000000	14.6911
46000000	2000000	36.3103
46000000	3000000	37.3252
46000000	4000000	45.1657
46000000	5000000	40.7578
46000000	6000000	39.8558
46000000	7000000	34.5005
46000000	8000000	28.5911
46000000	9000000	25.0761
46000000	10000000	31.7643
46000000	11000000	33.2037
46000000	12000000	38.1410
46000000	13000000	41.0722
46000000	14000000	44.6433
46000000	15000000	43.5430
46000000	16000000	38.1118
46000000	17000000	51.6446
46000000	18000000	36.8426
46000000	19000000	44.7123
46000000	20000000	65.2850
46000000	21000000	47.0855
46000000	22000000	44.2333
46000000	23000000	55.6609
46000000	24000000	54.4647
46000000	25000000	70.8748
46000000	26000000	67.4714
46000000	27000000	72.6088
46000000	28000000	81.9983
46000000	29000000	82.7125
46000000	30000000	89.6274
46000000	31000000	84.3201
46000000	32000000	91.2869
46000000	33000000	90.8817
46000000	34000000	84.0382
46000000	35000000	89.9745
46000000	36000000	102.2485
46000000	37000000	68.2042
46000000	38000000	41.1036
46000000	39000000	29.9202
46000000	40000000	36.2323
46000000	41000000	59.0413
46000000	42000000	59.5222
46000000	43000000	147.3516
46000000	44000000	265.7551
46000000	45000000	669.3372
46000000	46000000	2424.3197
46000000	47000000	756.1631
46000000	48000000	162.6471
46000000	49000000	59.8200
46000000	50000000	62.6045
46000000	51000000	78.6140
47000000	1000000	18.5157
47000000	2000000	36.4572
47000000	3000000	43.9279
47000000	4000000	47.2911
47000000	5000000	39.3503
47000000	6000000	48.5463
47000000	7000000	35.4737
47000000	8000000	34.4013
47000000	9000000	34.7541
47000000	10000000	34.8569
47000000	11000000	38.6863
47000000	12000000	44.4510
47000000	13000000	48.9347
47000000	14000000	44.4554
47000000	15000000	45.6489
47000000	16000000	44.7509
47000000	17000000	54.1798
47000000	18000000	51.5908
47000000	19000000	57.1859
47000000	20000000	68.7843
47000000	21000000	51.3732
47000000	22000000	56.4051
47000000	23000000	60.1446
47000000	24000000	58.2510
47000000	25000000	70.0812
47000000	26000000	71.2731
47000000	27000000	71.6343
47000000	28000000	74.4181
47000000	29000000	88.1904
47000000	30000000	87.7290
47000000	31000000	87.5762
47000000	32000000	97.9955
47000000	33000000	96.9656
47000000	34000000	86.3604
47000000	35000000	88.4619
47000000	36000000	109.6516
47000000	37000000	75.8222
47000000	38000000	55.7973
47000000	39000000	35.9100
47000000	40000000	50.0812
47000000	41000000	68.5017
47000000	42000000	74.0676
47000000	43000000	154.3104
47000000	44000000	216.9502
47000000	45000000	303.1981
47000000	46000000	756.1631
47000000	47000000	2497.1078
47000000	48000000	642.9536
47000000	49000000	94.6575
47000000	50000000	80.2086
47000000	51000000	84.1152
48000000	1000000	14.9092
48000000	2000000	37.5842
48000000	3000000	41.9924
48000000	4000000	48.9182
48000000	5000000	46.7435
48000000	6000000	50.8307
48000000	7000000	29.3549
48000000	8000000	28.8410
48000000	9000000	22.6848
48000000	10000000	28.9582
48000000	11000000	25.2209
48000000	12000000	38.7452
48000000	13000000	32.5280
48000000	14000000	29.2379
48000000	15000000	37.8907
48000000	16000000	32.7425
48000000	17000000	69.7054
48000000	18000000	78.5283
48000000	19000000	61.3375
48000000	20000000	49.7903
48000000	21000000	36.9550
48000000	22000000	41.9266
48000000	23000000	45.1946
48000000	24000000	39.6640
48000000	25000000	59.2101
48000000	26000000	49.4458
48000000	27000000	49.1654
48000000	28000000	54.5546
48000000	29000000	102.5455
48000000	30000000	50.9813
48000000	31000000	53.8894
48000000	32000000	58.9047
48000000	33000000	57.0444
48000000	34000000	40.6808
48000000	35000000	39.3366
48000000	36000000	100.7974
48000000	37000000	123.1822
48000000	38000000	108.7216
48000000	39000000	84.3445
48000000	40000000	94.6778
48000000	41000000	117.8474
48000000	42000000	137.6275
48000000	43000000	96.2771
48000000	44000000	207.9215
48000000	45000000	106.3998
48000000	46000000	162.6471
48000000	47000000	642.9536
48000000	48000000	3660.5326
48000000	49000000	664.5177
48000000	50000000	215.1112
48000000	51000000	155.3607
49000000	1000000	13.4409
49000000	2000000	29.4007
49000000	3000000	36.3955
49000000	4000000	50.9304
49000000	5000000	40.5569
49000000	6000000	38.5529
49000000	7000000	25.2560
49000000	8000000	22.9777
49000000	9000000	23.5002
49000000	10000000	24.6207
49000000	11000000	21.1415
49000000	12000000	33.0183
49000000	13000000	30.0721
49000000	14000000	26.5865
49000000	15000000	30.5530
49000000	16000000	28.5610
49000000	17000000	52.1072
49000000	18000000	72.9668
49000000	19000000	54.2892
49000000	20000000	41.2204
49000000	21000000	29.6042
49000000	22000000	31.1470
49000000	23000000	29.5607
49000000	24000000	27.2539
49000000	25000000	38.7464
49000000	26000000	33.9529
49000000	27000000	41.3666
49000000	28000000	43.6571
49000000	29000000	64.8904
49000000	30000000	45.5280
49000000	31000000	36.7104
49000000	32000000	37.0009
49000000	33000000	30.3618
49000000	34000000	32.0498
49000000	35000000	23.3354
49000000	36000000	59.3013
49000000	37000000	108.8388
49000000	38000000	152.6548
49000000	39000000	121.0936
49000000	40000000	129.9343
49000000	41000000	114.7719
49000000	42000000	114.3962
49000000	43000000	62.3265
49000000	44000000	114.6488
49000000	45000000	47.2051
49000000	46000000	59.8200
49000000	47000000	94.6575
49000000	48000000	664.5177
49000000	49000000	3370.0045
49000000	50000000	793.9289
49000000	51000000	209.0699
50000000	1000000	14.1232
50000000	2000000	30.9938
50000000	3000000	38.6841
50000000	4000000	49.0965
50000000	5000000	40.3385
50000000	6000000	35.7642
50000000	7000000	22.3163
50000000	8000000	21.7840
50000000	9000000	23.1524
50000000	10000000	23.8470
50000000	11000000	20.4500
50000000	12000000	31.3960
50000000	13000000	29.6399
50000000	14000000	26.5526
50000000	15000000	28.1074
50000000	16000000	30.5405
50000000	17000000	58.3615
50000000	18000000	63.5133
50000000	19000000	52.4902
50000000	20000000	34.3906
50000000	21000000	36.4985
50000000	22000000	27.7011
50000000	23000000	29.0343
50000000	24000000	35.1202
50000000	25000000	44.6557
50000000	26000000	44.8305
50000000	27000000	42.7391
50000000	28000000	37.0938
50000000	29000000	67.0257
50000000	30000000	40.0746
50000000	31000000	42.9959
50000000	32000000	41.5457
50000000	33000000	35.4024
50000000	34000000	26.8466
50000000	35000000	26.8079
50000000	36000000	69.2299
50000000	37000000	89.4516
50000000	38000000	114.3532
50000000	39000000	93.8621
50000000	40000000	103.3140
50000000	41000000	110.9014
50000000	42000000	99.2243
50000000	43000000	72.5880
50000000	44000000	92.8738
50000000	45000000	47.4592
50000000	46000000	62.6045
50000000	47000000	80.2086
50000000	48000000	215.1112
50000000	49000000	793.9289
50000000	50000000	3322.9722
50000000	51000000	523.1285
51000000	1000000	10.3126
51000000	2000000	25.6778
51000000	3000000	31.5258
51000000	4000000	43.1000
51000000	5000000	39.0354
51000000	6000000	29.5609
51000000	7000000	19.4601
51000000	8000000	25.4240
51000000	9000000	22.3922
51000000	10000000	21.3207
51000000	11000000	22.6153
51000000	12000000	32.8615
51000000	13000000	30.8145
51000000	14000000	23.5186
51000000	15000000	34.2271
51000000	16000000	24.4591
51000000	17000000	55.2187
51000000	18000000	55.6945
51000000	19000000	52.3812
51000000	20000000	38.5944
51000000	21000000	31.5857
51000000	22000000	28.9791
51000000	23000000	31.4329
51000000	24000000	28.8642
51000000	25000000	45.3867
51000000	26000000	41.3259
51000000	27000000	40.5809
51000000	28000000	46.3740
51000000	29000000	53.3863
51000000	30000000	36.4130
51000000	31000000	40.8861
51000000	32000000	39.4844
51000000	33000000	36.6078
51000000	34000000	36.5692
51000000	35000000	23.9614
51000000	36000000	59.1738
51000000	37000000	73.4639
51000000	38000000	80.4328
51000000	39000000	68.0575
51000000	40000000	81.9679
51000000	41000000	79.1565
51000000	42000000	73.7443
51000000	43000000	48.0261
51000000	44000000	116.5456
51000000	45000000	66.9132
51000000	46000000	78.6140
51000000	47000000	84.1152
51000000	48000000	155.3607
51000000	49000000	209.0699
51000000	50000000	523.1285
51000000	51000000	2900.9487
