1000000	1000000	812.5746
1000000	2000000	452.8517
1000000	3000000	94.6727
1000000	4000000	83.7939
1000000	5000000	67.4522
1000000	6000000	56.9071
1000000	7000000	66.8398
1000000	8000000	49.0796
1000000	9000000	52.4322
1000000	10000000	48.1597
1000000	11000000	51.4354
1000000	12000000	46.9337
1000000	13000000	49.0917
1000000	14000000	37.7775
1000000	15000000	22.9296
1000000	16000000	31.6826
1000000	17000000	29.1981
1000000	18000000	39.2071
1000000	19000000	30.2946
1000000	20000000	24.9005
1000000	21000000	27.2202
1000000	22000000	28.0843
1000000	23000000	26.3563
1000000	24000000	34.4615
1000000	25000000	24.1816
1000000	26000000	27.7367
1000000	27000000	28.3769
1000000	28000000	20.4630
1000000	29000000	20.6626
1000000	30000000	22.7658
1000000	31000000	24.9207
1000000	32000000	20.3569
1000000	33000000	24.0509
1000000	34000000	15.6761
1000000	35000000	17.2896
1000000	36000000	19.9525
1000000	37000000	14.2117
1000000	38000000	8.4945
1000000	39000000	21.5188
1000000	40000000	11.5669
1000000	41000000	19.6192
1000000	42000000	26.1818
1000000	43000000	15.9905
1000000	44000000	20.9553
1000000	45000000	13.7428
1000000	46000000	21.8427
1000000	47000000	13.1671
1000000	48000000	17.6054
1000000	49000000	1.7511
2000000	1000000	452.8517
2000000	2000000	2702.6899
2000000	3000000	513.5805
2000000	4000000	332.9427
2000000	5000000	204.3035
2000000	6000000	164.9613
2000000	7000000	137.3026
2000000	8000000	133.2517
2000000	9000000	109.5037
2000000	10000000	122.3939
2000000	11000000	115.7421
2000000	12000000	92.8826
2000000	13000000	74.2586
2000000	14000000	93.4843
2000000	15000000	94.1176
2000000	16000000	85.9335
2000000	17000000	74.6243
2000000	18000000	68.5282
2000000	19000000	62.5013
2000000	20000000	51.1189
2000000	21000000	67.0708
2000000	22000000	79.5659
2000000	23000000	48.9962
2000000	24000000	60.6875
2000000	25000000	47.0196
2000000	26000000	40.8381
2000000	27000000	57.7926
2000000	28000000	60.9702
2000000	29000000	41.6030
2000000	30000000	35.1791
2000000	31000000	37.7307
2000000	32000000	43.2173
2000000	33000000	38.6547
2000000	34000000	31.2502
2000000	35000000	28.1766
2000000	36000000	36.4605
2000000	37000000	29.9313
2000000	38000000	33.8558
2000000	39000000	32.4408
2000000	40000000	27.6470
2000000	41000000	29.2438
2000000	42000000	36.7087
2000000	43000000	32.1220
2000000	44000000	29.3577
2000000	45000000	44.1413
2000000	46000000	40.2989
2000000	47000000	42.5121
2000000	48000000	44.1900
2000000	49000000	11.2789
3000000	1000000	94.6727
3000000	2000000	513.5805
3000000	3000000	2166.8790
3000000	4000000	816.4175
3000000	5000000	183.5217
3000000	6000000	146.6214
3000000	7000000	120.5117
3000000	8000000	86.0888
3000000	9000000	79.8524
3000000	10000000	74.4721
3000000	11000000	90.1051
3000000	12000000	101.4783
3000000	13000000	92.7037
3000000	14000000	86.5067
3000000	15000000	42.1535
3000000	16000000	43.9693
3000000	17000000	53.7368
3000000	18000000	52.3595
3000000	19000000	56.9231
3000000	20000000	59.6960
3000000	21000000	54.7546
3000000	22000000	52.1751
3000000	23000000	53.1031
3000000	24000000	62.5991
3000000	25000000	55.3209
3000000	26000000	47.1123
3000000	27000000	49.4005
3000000	28000000	56.6554
3000000	29000000	50.5912
3000000	30000000	42.7108
3000000	31000000	46.4120
3000000	32000000	46.2122
3000000	33000000	40.6762
3000000	34000000	36.1803
3000000	35000000	38.5164
3000000	36000000	37.9980
3000000	37000000	40.0215
3000000	38000000	34.5679
3000000	39000000	33.0544
3000000	40000000	36.5764
3000000	41000000	30.2053
3000000	42000000	37.7249
3000000	43000000	35.3147
3000000	44000000	34.7880
3000000	45000000	28.4757
3000000	46000000	28.9655
3000000	47000000	34.1774
3000000	48000000	43.1777
3000000	49000000	10.4449
4000000	1000000	83.7939
4000000	2000000	332.9427
4000000	3000000	816.4175
4000000	4000000	3739.2126
4000000	5000000	617.0924
4000000	6000000	222.8612
4000000	7000000	148.6795
4000000	8000000	126.5344
4000000	9000000	107.1754
4000000	10000000	117.9334
4000000	11000000	123.4473
4000000	12000000	103.5641
4000000	13000000	87.5376
4000000	14000000	96.5317
4000000	15000000	93.0275
4000000	16000000	76.0730
4000000	17000000	80.9056
4000000	18000000	82.1007
4000000	19000000	73.4606
4000000	20000000	59.2331
4000000	21000000	69.9572
4000000	22000000	75.6446
4000000	23000000	59.3159
4000000	24000000	71.6691
4000000	25000000	50.8944
4000000	26000000	45.9905
4000000	27000000	54.1247
4000000	28000000	63.7512
4000000	29000000	53.2431
4000000	30000000	45.7538
4000000	31000000	44.6708
4000000	32000000	56.6060
4000000	33000000	46.7754
4000000	34000000	39.4050
4000000	35000000	43.3836
4000000	36000000	49.2668
4000000	37000000	40.9561
4000000	38000000	41.4999
4000000	39000000	40.0572
4000000	40000000	40.0308
4000000	41000000	40.0837
4000000	42000000	45.1342
4000000	43000000	44.2232
4000000	44000000	40.6005
4000000	45000000	49.4296
4000000	46000000	51.2310
4000000	47000000	46.2662
4000000	48000000	45.4471
4000000	49000000	15.0633
5000000	1000000	67.4522
5000000	2000000	204.3035
5000000	3000000	183.5217
5000000	4000000	617.0924
5000000	5000000	2638.3913
5000000	6000000	776.1761
5000000	7000000	211.6634
5000000	8000000	149.9836
5000000	9000000	100.6809
5000000	10000000	121.8591
5000000	11000000	120.4484
5000000	12000000	91.7289
5000000	13000000	70.0739
5000000	14000000	90.3797
5000000	15000000	93.0753
5000000	16000000	94.6781
5000000	17000000	89.0740
5000000	18000000	78.0962
5000000	19000000	67.0046
5000000	20000000	47.2007
5000000	21000000	57.0110
5000000	22000000	70.7495
5000000	23000000	44.5333
5000000	24000000	61.5926
5000000	25000000	51.4139
5000000	26000000	41.5977
5000000	27000000	51.6660
5000000	28000000	57.5267
5000000	29000000	48.5532
5000000	30000000	37.2781
5000000	31000000	44.0242
5000000	32000000	58.1419
5000000	33000000	31.7830
5000000	34000000	29.5476
5000000	35000000	35.5700
5000000	36000000	38.4708
5000000	37000000	32.3087
5000000	38000000	36.7298
5000000	39000000	35.3815
5000000	40000000	29.6999
5000000	41000000	33.5656
5000000	42000000	35.4201
5000000	43000000	39.1069
5000000	44000000	38.6903
5000000	45000000	55.2386
5000000	46000000	49.9554
5000000	47000000	49.5448
5000000	48000000	51.0957
5000000	49000000	9.5197
6000000	1000000	56.9071
6000000	2000000	164.9613
6000000	3000000	146.6214
6000000	4000000	222.8612
6000000	5000000	776.1761
6000000	6000000	2726.6800
6000000	7000000	720.2627
6000000	8000000	248.4072
6000000	9000000	130.7559
6000000	10000000	119.2357
6000000	11000000	128.4749
6000000	12000000	106.5575
6000000	13000000	88.2978
6000000	14000000	99.0485
6000000	15000000	87.1973
6000000	16000000	85.7817
6000000	17000000	91.8746
6000000	18000000	72.3609
6000000	19000000	59.0940
6000000	20000000	49.0498
6000000	21000000	73.9082
6000000	22000000	70.0394
6000000	23000000	55.1391
6000000	24000000	74.6924
6000000	25000000	54.0704
6000000	26000000	41.4603
6000000	27000000	55.7914
6000000	28000000	66.4909
6000000	29000000	47.4099
6000000	30000000	40.6350
6000000	31000000	41.7283
6000000	32000000	56.3396
6000000	33000000	48.5573
6000000	34000000	38.1452
6000000	35000000	39.5491
6000000	36000000	45.9539
6000000	37000000	51.4784
6000000	38000000	44.2447
6000000	39000000	39.1017
6000000	40000000	35.0466
6000000	41000000	32.9306
6000000	42000000	51.6788
6000000	43000000	39.7818
6000000	44000000	35.3063
6000000	45000000	48.4627
6000000	46000000	49.5907
6000000	47000000	47.5453
6000000	48000000	48.7202
6000000	49000000	12.8543
7000000	1000000	66.8398
7000000	2000000	137.3026
7000000	3000000	120.5117
7000000	4000000	148.6795
7000000	5000000	211.6634
7000000	6000000	720.2627
7000000	7000000	3052.4660
7000000	8000000	904.6745
7000000	9000000	161.4405
7000000	10000000	134.3462
7000000	11000000	141.5472
7000000	12000000	111.3432
7000000	13000000	91.8721
7000000	14000000	111.2932
7000000	15000000	77.9683
7000000	16000000	74.5352
7000000	17000000	80.5822
7000000	18000000	84.8745
7000000	19000000	76.2354
7000000	20000000	68.7951
7000000	21000000	78.9826
7000000	22000000	82.8447
7000000	23000000	67.9465
7000000	24000000	85.0030
7000000	25000000	73.7727
7000000	26000000	56.3574
7000000	27000000	62.5862
7000000	28000000	76.1401
7000000	29000000	59.1165
7000000	30000000	52.6599
7000000	31000000	57.4616
7000000	32000000	70.9391
7000000	33000000	56.6786
7000000	34000000	47.6858
7000000	35000000	50.6951
7000000	36000000	59.3616
7000000	37000000	51.9304
7000000	38000000	52.6503
7000000	39000000	48.3272
7000000	40000000	41.6720
7000000	41000000	41.5438
7000000	42000000	56.5242
7000000	43000000	43.4621
7000000	44000000	43.0930
7000000	45000000	51.5907
7000000	46000000	46.8549
7000000	47000000	45.5443
7000000	48000000	52.4107
7000000	49000000	12.6945
8000000	1000000	49.0796
8000000	2000000	133.2517
8000000	3000000	86.0888
8000000	4000000	126.5344
8000000	5000000	149.9836
8000000	6000000	248.4072
8000000	7000000	904.6745
8000000	8000000	3759.2266
8000000	9000000	492.7168
8000000	10000000	240.5912
8000000	11000000	161.2418
8000000	12000000	91.0730
8000000	13000000	62.8368
8000000	14000000	90.8460
8000000	15000000	122.9725
8000000	16000000	140.1158
8000000	17000000	94.3546
8000000	18000000	95.1527
8000000	19000000	75.9085
8000000	20000000	46.7036
8000000	21000000	68.9505
8000000	22000000	79.8312
8000000	23000000	50.9503
8000000	24000000	76.7369
8000000	25000000	58.0169
8000000	26000000	47.4721
8000000	27000000	57.9657
8000000	28000000	67.0059
8000000	29000000	51.2644
8000000	30000000	38.9906
8000000	31000000	41.0839
8000000	32000000	60.9963
8000000	33000000	43.8554
8000000	34000000	37.7213
8000000	35000000	40.5889
8000000	36000000	48.8013
8000000	37000000	44.1429
8000000	38000000	40.6856
8000000	39000000	47.8190
8000000	40000000	38.0970
8000000	41000000	37.7122
8000000	42000000	55.1768
8000000	43000000	47.8558
8000000	44000000	41.6839
8000000	45000000	72.4790
8000000	46000000	58.4148
8000000	47000000	64.2917
8000000	48000000	49.4833
8000000	49000000	14.2007
9000000	1000000	52.4322
9000000	2000000	109.5037
9000000	3000000	79.8524
9000000	4000000	107.1754
9000000	5000000	100.6809
9000000	6000000	130.7559
9000000	7000000	161.4405
9000000	8000000	492.7168
9000000	9000000	2741.6392
9000000	10000000	821.2207
9000000	11000000	184.4390
9000000	12000000	112.5961
9000000	13000000	79.5031
9000000	14000000	95.0683
9000000	15000000	98.5139
9000000	16000000	103.2994
9000000	17000000	87.6341
9000000	18000000	85.2162
9000000	19000000	68.3198
9000000	20000000	53.6274
9000000	21000000	67.2999
9000000	22000000	73.1703
9000000	23000000	66.9422
9000000	24000000	73.6226
9000000	25000000	54.6196
9000000	26000000	52.4274
9000000	27000000	62.0544
9000000	28000000	72.3610
9000000	29000000	52.6934
9000000	30000000	50.5252
9000000	31000000	54.0911
9000000	32000000	71.4905
9000000	33000000	43.7743
9000000	34000000	44.8859
9000000	35000000	47.7994
9000000	36000000	54.8657
9000000	37000000	49.8169
9000000	38000000	48.0897
9000000	39000000	41.0354
9000000	40000000	47.5591
9000000	41000000	42.5731
9000000	42000000	52.6858
9000000	43000000	45.5779
9000000	44000000	41.2073
9000000	45000000	62.1868
9000000	46000000	57.5131
9000000	47000000	54.9354
9000000	48000000	51.0301
9000000	49000000	12.9959
10000000	1000000	48.1597
10000000	2000000	122.3939
10000000	3000000	74.4721
10000000	4000000	117.9334
10000000	5000000	121.8591
10000000	6000000	119.2357
10000000	7000000	134.3462
10000000	8000000	240.5912
10000000	9000000	821.2207
10000000	10000000	3907.5857
10000000	11000000	721.9663
10000000	12000000	140.9466
10000000	13000000	82.6110
10000000	14000000	119.6796
10000000	15000000	154.3708
10000000	16000000	135.5835
10000000	17000000	113.1091
10000000	18000000	91.1231
10000000	19000000	88.3402
10000000	20000000	54.1476
10000000	21000000	84.9641
10000000	22000000	92.3652
10000000	23000000	54.0087
10000000	24000000	85.5146
10000000	25000000	63.0852
10000000	26000000	46.5915
10000000	27000000	49.3849
10000000	28000000	73.0196
10000000	29000000	60.8468
10000000	30000000	47.5468
10000000	31000000	50.7060
10000000	32000000	64.3884
10000000	33000000	54.1734
10000000	34000000	49.6456
10000000	35000000	49.3973
10000000	36000000	56.5672
10000000	37000000	43.0625
10000000	38000000	48.7421
10000000	39000000	54.4183
10000000	40000000	42.0119
10000000	41000000	42.9886
10000000	42000000	60.5897
10000000	43000000	42.5077
10000000	44000000	49.1644
10000000	45000000	90.4513
10000000	46000000	81.5344
10000000	47000000	72.9819
10000000	48000000	61.4105
10000000	49000000	13.5167
11000000	1000000	51.4354
11000000	2000000	115.7421
11000000	3000000	90.1051
11000000	4000000	123.4473
11000000	5000000	120.4484
11000000	6000000	128.4749
11000000	7000000	141.5472
11000000	8000000	161.2418
11000000	9000000	184.4390
11000000	10000000	721.9663
11000000	11000000	3911.3501
11000000	12000000	815.8329
11000000	13000000	232.6146
11000000	14000000	207.7798
11000000	15000000	214.1521
11000000	16000000	156.6545
11000000	17000000	133.6664
11000000	18000000	118.1401
11000000	19000000	110.1926
11000000	20000000	66.4063
11000000	21000000	106.4722
11000000	22000000	109.7241
11000000	23000000	69.2249
11000000	24000000	95.7594
11000000	25000000	71.8503
11000000	26000000	56.6211
11000000	27000000	76.1153
11000000	28000000	89.6145
11000000	29000000	68.3780
11000000	30000000	61.9293
11000000	31000000	59.9571
11000000	32000000	76.4024
11000000	33000000	56.4767
11000000	34000000	53.5810
11000000	35000000	53.7768
11000000	36000000	71.8196
11000000	37000000	52.3071
11000000	38000000	60.4263
11000000	39000000	56.2642
11000000	40000000	47.4375
11000000	41000000	50.9157
11000000	42000000	71.5811
11000000	43000000	57.5113
11000000	44000000	58.0245
11000000	45000000	80.8313
11000000	46000000	76.9433
11000000	47000000	73.7978
11000000	48000000	58.4540
11000000	49000000	14.8115
12000000	1000000	46.9337
12000000	2000000	92.8826
12000000	3000000	101.4783
12000000	4000000	103.5641
12000000	5000000	91.7289
12000000	6000000	106.5575
12000000	7000000	111.3432
12000000	8000000	91.0730
12000000	9000000	112.5961
12000000	10000000	140.9466
12000000	11000000	815.8329
12000000	12000000	2985.4206
12000000	13000000	703.5314
12000000	14000000	294.5884
12000000	15000000	113.0536
12000000	16000000	69.0671
12000000	17000000	88.7818
12000000	18000000	98.6175
12000000	19000000	97.9884
12000000	20000000	88.9140
12000000	21000000	97.5748
12000000	22000000	98.9127
12000000	23000000	88.2419
12000000	24000000	103.9109
12000000	25000000	83.6101
12000000	26000000	74.8715
12000000	27000000	73.5589
12000000	28000000	91.9885
12000000	29000000	74.6639
12000000	30000000	68.3894
12000000	31000000	70.6148
12000000	32000000	76.7155
12000000	33000000	62.5463
12000000	34000000	56.4176
12000000	35000000	53.5349
12000000	36000000	73.5366
12000000	37000000	64.5299
12000000	38000000	62.1334
12000000	39000000	68.6574
12000000	40000000	57.1368
12000000	41000000	49.6538
12000000	42000000	64.5757
12000000	43000000	55.8356
12000000	44000000	59.8686
12000000	45000000	41.1685
12000000	46000000	47.7243
12000000	47000000	49.8244
12000000	48000000	53.6450
12000000	49000000	10.0411
13000000	1000000	49.0917
13000000	2000000	74.2586
13000000	3000000	92.7037
13000000	4000000	87.5376
13000000	5000000	70.0739
13000000	6000000	88.2978
13000000	7000000	91.8721
13000000	8000000	62.8368
13000000	9000000	79.5031
13000000	10000000	82.6110
13000000	11000000	232.6146
13000000	12000000	703.5314
13000000	13000000	2274.4383
13000000	14000000	830.6927
13000000	15000000	106.5200
13000000	16000000	56.7441
13000000	17000000	74.1286
13000000	18000000	89.1548
13000000	19000000	102.3964
13000000	20000000	129.9946
13000000	21000000	91.3432
13000000	22000000	90.6021
13000000	23000000	89.7053
13000000	24000000	92.9659
13000000	25000000	81.2588
13000000	26000000	69.6430
13000000	27000000	76.9800
13000000	28000000	78.8223
13000000	29000000	71.0235
13000000	30000000	75.3547
13000000	31000000	73.2652
13000000	32000000	74.9130
13000000	33000000	75.2768
13000000	34000000	64.9383
13000000	35000000	59.1449
13000000	36000000	67.6851
13000000	37000000	66.5241
13000000	38000000	57.1944
13000000	39000000	63.1925
13000000	40000000	57.2614
13000000	41000000	55.5351
13000000	42000000	60.0397
13000000	43000000	57.5477
13000000	44000000	56.5740
13000000	45000000	39.7903
13000000	46000000	38.5274
13000000	47000000	38.4597
13000000	48000000	47.8864
13000000	49000000	10.8739
14000000	1000000	37.7775
14000000	2000000	93.4843
14000000	3000000	86.5067
14000000	4000000	96.5317
14000000	5000000	90.3797
14000000	6000000	99.0485
14000000	7000000	111.2932
14000000	8000000	90.8460
14000000	9000000	95.0683
14000000	10000000	119.6796
14000000	11000000	207.7798
14000000	12000000	294.5884
14000000	13000000	830.6927
14000000	14000000	3061.4583
14000000	15000000	698.0024
14000000	16000000	113.1228
14000000	17000000	116.2786
14000000	18000000	122.5684
14000000	19000000	113.7394
14000000	20000000	95.0899
14000000	21000000	104.2455
14000000	22000000	112.5426
14000000	23000000	91.7678
14000000	24000000	103.0290
14000000	25000000	88.6640
14000000	26000000	72.3638
14000000	27000000	85.1575
14000000	28000000	95.3388
14000000	29000000	79.9807
14000000	30000000	60.9015
14000000	31000000	79.2740
14000000	32000000	100.0277
14000000	33000000	71.4926
14000000	34000000	66.5054
14000000	35000000	61.9807
14000000	36000000	75.8313
14000000	37000000	66.5317
14000000	38000000	70.2935
14000000	39000000	67.6962
14000000	40000000	57.3538
14000000	41000000	54.3352
14000000	42000000	69.1175
14000000	43000000	64.3448
14000000	44000000	57.5418
14000000	45000000	56.6787
14000000	46000000	59.2935
14000000	47000000	56.5126
14000000	48000000	55.7537
14000000	49000000	14.1179
15000000	1000000	22.9296
15000000	2000000	94.1176
15000000	3000000	42.1535
15000000	4000000	93.0275
15000000	5000000	93.0753
15000000	6000000	87.1973
15000000	7000000	77.9683
15000000	8000000	122.9725
15000000	9000000	98.5139
15000000	10000000	154.3708
15000000	11000000	214.1521
15000000	12000000	113.0536
15000000	13000000	106.5200
15000000	14000000	698.0024
15000000	15000000	3554.6579
15000000	16000000	627.6868
15000000	17000000	175.8637
15000000	18000000	125.0738
15000000	19000000	104.5391
15000000	20000000	47.6850
15000000	21000000	89.0837
15000000	22000000	97.4741
15000000	23000000	57.5667
15000000	24000000	80.7835
15000000	25000000	52.1360
15000000	26000000	47.1718
15000000	27000000	55.9815
15000000	28000000	70.8649
15000000	29000000	48.5508
15000000	30000000	33.7836
15000000	31000000	45.8355
15000000	32000000	57.1306
15000000	33000000	44.8080
15000000	34000000	35.3839
15000000	35000000	36.3082
15000000	36000000	60.0205
15000000	37000000	42.1890
15000000	38000000	44.5043
15000000	39000000	47.9283
15000000	40000000	31.1426
15000000	41000000	42.0484
15000000	42000000	45.9826
15000000	43000000	41.7361
15000000	44000000	40.3444
15000000	45000000	107.1360
15000000	46000000	76.0992
15000000	47000000	78.5074
15000000	48000000	56.3923
15000000	49000000	12.5925
16000000	1000000	31.6826
16000000	2000000	85.9335
16000000	3000000	43.9693
16000000	4000000	76.0730
16000000	5000000	94.6781
16000000	6000000	85.7817
16000000	7000000	74.5352
16000000	8000000	140.1158
16000000	9000000	103.2994
16000000	10000000	135.5835
16000000	11000000	156.6545
16000000	12000000	69.0671
16000000	13000000	56.7441
16000000	14000000	113.1228
16000000	15000000	627.6868
16000000	16000000	3895.1118
16000000	17000000	677.9687
16000000	18000000	171.8198
16000000	19000000	116.5968
16000000	20000000	48.5125
16000000	21000000	90.0556
16000000	22000000	98.8626
16000000	23000000	48.0358
16000000	24000000	77.0297
16000000	25000000	54.6881
16000000	26000000	49.8346
16000000	27000000	54.3991
16000000	28000000	82.0612
16000000	29000000	51.0271
16000000	30000000	37.1242
16000000	31000000	48.2895
16000000	32000000	54.9619
16000000	33000000	41.4990
16000000	34000000	45.1589
16000000	35000000	39.7694
16000000	36000000	51.0190
16000000	37000000	48.8443
16000000	38000000	40.5577
16000000	39000000	49.5197
16000000	40000000	37.7155
16000000	41000000	36.1682
16000000	42000000	53.6755
16000000	43000000	43.8003
16000000	44000000	45.1578
16000000	45000000	132.2291
16000000	46000000	117.1644
16000000	47000000	98.3537
16000000	48000000	67.2058
16000000	49000000	16.0514
17000000	1000000	29.1981
17000000	2000000	74.6243
17000000	3000000	53.7368
17000000	4000000	80.9056
17000000	5000000	89.0740
17000000	6000000	91.8746
17000000	7000000	80.5822
17000000	8000000	94.3546
17000000	9000000	87.6341
17000000	10000000	113.1091
17000000	11000000	133.6664
17000000	12000000	88.7818
17000000	13000000	74.1286
17000000	14000000	116.2786
17000000	15000000	175.8637
17000000	16000000	677.9687
17000000	17000000	3117.9499
17000000	18000000	720.7714
17000000	19000000	191.0780
17000000	20000000	75.1517
17000000	21000000	125.6765
17000000	22000000	114.0975
17000000	23000000	66.7137
17000000	24000000	77.0384
17000000	25000000	73.8005
17000000	26000000	56.5141
17000000	27000000	73.1888
17000000	28000000	106.8271
17000000	29000000	73.4115
17000000	30000000	59.2605
17000000	31000000	57.6747
17000000	32000000	80.4153
17000000	33000000	55.4498
17000000	34000000	56.8867
17000000	35000000	52.7782
17000000	36000000	72.6877
17000000	37000000	63.9121
17000000	38000000	67.6093
17000000	39000000	65.2669
17000000	40000000	50.5644
17000000	41000000	50.2227
17000000	42000000	78.5523
17000000	43000000	61.1535
17000000	44000000	56.5166
17000000	45000000	121.5498
17000000	46000000	131.0761
17000000	47000000	106.0727
17000000	48000000	88.6097
17000000	49000000	20.5256
18000000	1000000	39.2071
18000000	2000000	68.5282
18000000	3000000	52.3595
18000000	4000000	82.1007
18000000	5000000	78.0962
18000000	6000000	72.3609
18000000	7000000	84.8745
18000000	8000000	95.1527
18000000	9000000	85.2162
18000000	10000000	91.1231
18000000	11000000	118.1401
18000000	12000000	98.6175
18000000	13000000	89.1548
18000000	14000000	122.5684
18000000	15000000	125.0738
18000000	16000000	171.8198
18000000	17000000	720.7714
18000000	18000000	3582.3311
18000000	19000000	740.8712
18000000	20000000	187.2132
18000000	21000000	195.0839
18000000	22000000	164.1853
18000000	23000000	96.1958
18000000	24000000	119.2081
18000000	25000000	103.6124
18000000	26000000	88.5651
18000000	27000000	91.1875
18000000	28000000	119.9033
18000000	29000000	95.2397
18000000	30000000	84.4414
18000000	31000000	82.6677
18000000	32000000	106.7791
18000000	33000000	100.1493
18000000	34000000	85.7110
18000000	35000000	85.0675
18000000	36000000	105.8314
18000000	37000000	80.6203
18000000	38000000	81.9839
18000000	39000000	82.3556
18000000	40000000	78.0760
18000000	41000000	75.8526
18000000	42000000	92.0390
18000000	43000000	85.2828
18000000	44000000	81.9234
18000000	45000000	99.6559
18000000	46000000	88.0422
18000000	47000000	82.1022
18000000	48000000	81.8253
18000000	49000000	14.0733
19000000	1000000	30.2946
19000000	2000000	62.5013
19000000	3000000	56.9231
19000000	4000000	73.4606
19000000	5000000	67.0046
19000000	6000000	59.0940
19000000	7000000	76.2354
19000000	8000000	75.9085
19000000	9000000	68.3198
19000000	10000000	88.3402
19000000	11000000	110.1926
19000000	12000000	97.9884
19000000	13000000	102.3964
19000000	14000000	113.7394
19000000	15000000	104.5391
19000000	16000000	116.5968
19000000	17000000	191.0780
19000000	18000000	740.8712
19000000	19000000	2612.2027
19000000	20000000	784.6619
19000000	21000000	321.6630
19000000	22000000	226.5859
19000000	23000000	114.1281
19000000	24000000	127.6245
19000000	25000000	111.1090
19000000	26000000	90.1387
19000000	27000000	95.2858
19000000	28000000	119.9573
19000000	29000000	99.1570
19000000	30000000	94.4861
19000000	31000000	99.6848
19000000	32000000	112.0540
19000000	33000000	83.8480
19000000	34000000	75.9457
19000000	35000000	81.7233
19000000	36000000	88.0322
19000000	37000000	83.3840
19000000	38000000	80.5414
19000000	39000000	88.2499
19000000	40000000	73.7165
19000000	41000000	68.5383
19000000	42000000	90.9128
19000000	43000000	92.1218
19000000	44000000	86.0946
19000000	45000000	93.3474
19000000	46000000	73.7715
19000000	47000000	67.7834
19000000	48000000	74.0891
19000000	49000000	17.1754
20000000	1000000	24.9005
20000000	2000000	51.1189
20000000	3000000	59.6960
20000000	4000000	59.2331
20000000	5000000	47.2007
20000000	6000000	49.0498
20000000	7000000	68.7951
20000000	8000000	46.7036
20000000	9000000	53.6274
20000000	10000000	54.1476
20000000	11000000	66.4063
20000000	12000000	88.9140
20000000	13000000	129.9946
20000000	14000000	95.0899
20000000	15000000	47.6850
20000000	16000000	48.5125
20000000	17000000	75.1517
20000000	18000000	187.2132
20000000	19000000	784.6619
20000000	20000000	2586.8427
20000000	21000000	576.4966
20000000	22000000	227.8695
20000000	23000000	147.6284
20000000	24000000	128.8960
20000000	25000000	110.9023
20000000	26000000	105.4167
20000000	27000000	106.0273
20000000	28000000	114.2572
20000000	29000000	108.2520
20000000	30000000	104.0314
20000000	31000000	108.9576
20000000	32000000	103.4387
20000000	33000000	101.1818
20000000	34000000	90.0720
20000000	35000000	95.0401
20000000	36000000	83.0821
20000000	37000000	98.0937
20000000	38000000	94.2655
20000000	39000000	90.7155
20000000	40000000	88.1689
20000000	41000000	85.7678
20000000	42000000	100.8507
20000000	43000000	79.6596
20000000	44000000	83.2529
20000000	45000000	41.0087
20000000	46000000	44.5259
20000000	47000000	43.3592
20000000	48000000	58.4800
20000000	49000000	11.5519
21000000	1000000	27.2202
21000000	2000000	67.0708
21000000	3000000	54.7546
21000000	4000000	69.9572
21000000	5000000	57.0110
21000000	6000000	73.9082
21000000	7000000	78.9826
21000000	8000000	68.9505
21000000	9000000	67.2999
21000000	10000000	84.9641
21000000	11000000	106.4722
21000000	12000000	97.5748
21000000	13000000	91.3432
21000000	14000000	104.2455
21000000	15000000	89.0837
21000000	16000000	90.0556
21000000	17000000	125.6765
21000000	18000000	195.0839
21000000	19000000	321.6630
21000000	20000000	576.4966
21000000	21000000	3349.7955
21000000	22000000	535.1857
21000000	23000000	134.0196
21000000	24000000	145.4764
21000000	25000000	109.9924
21000000	26000000	94.9067
21000000	27000000	89.5012
21000000	28000000	106.3907
21000000	29000000	85.3262
21000000	30000000	79.8752
21000000	31000000	89.4801
21000000	32000000	104.2533
21000000	33000000	89.2332
21000000	34000000	74.9929
21000000	35000000	83.3855
21000000	36000000	101.6209
21000000	37000000	91.9331
21000000	38000000	86.8680
21000000	39000000	83.2811
21000000	40000000	70.6543
21000000	41000000	67.3461
21000000	42000000	84.9590
21000000	43000000	71.9366
21000000	44000000	81.0972
21000000	45000000	77.2270
21000000	46000000	75.9311
21000000	47000000	66.3521
21000000	48000000	63.0973
21000000	49000000	15.7820
22000000	1000000	28.0843
22000000	2000000	79.5659
22000000	3000000	52.1751
22000000	4000000	75.6446
22000000	5000000	70.7495
22000000	6000000	70.0394
22000000	7000000	82.8447
22000000	8000000	79.8312
22000000	9000000	73.1703
22000000	10000000	92.3652
22000000	11000000	109.7241
22000000	12000000	98.9127
22000000	13000000	90.6021
22000000	14000000	112.5426
22000000	15000000	97.4741
22000000	16000000	98.8626
22000000	17000000	114.0975
22000000	18000000	164.1853
22000000	19000000	226.5859
22000000	20000000	227.8695
22000000	21000000	535.1857
22000000	22000000	2769.3918
22000000	23000000	574.5390
22000000	24000000	322.5872
22000000	25000000	145.6726
22000000	26000000	104.8812
22000000	27000000	117.3760
22000000	28000000	126.7710
22000000	29000000	107.6063
22000000	30000000	77.5845
22000000	31000000	97.9212
22000000	32000000	118.6885
22000000	33000000	99.0222
22000000	34000000	77.6546
22000000	35000000	87.1691
22000000	36000000	109.0061
22000000	37000000	87.3560
22000000	38000000	90.0082
22000000	39000000	88.2294
22000000	40000000	88.2617
22000000	41000000	82.8904
22000000	42000000	98.4962
22000000	43000000	89.8383
22000000	44000000	89.1191
22000000	45000000	93.8672
22000000	46000000	84.1185
22000000	47000000	82.1296
22000000	48000000	80.5219
22000000	49000000	15.5332
23000000	1000000	26.3563
23000000	2000000	48.9962
23000000	3000000	53.1031
23000000	4000000	59.3159
23000000	5000000	44.5333
23000000	6000000	55.1391
23000000	7000000	67.9465
23000000	8000000	50.9503
23000000	9000000	66.9422
23000000	10000000	54.0087
23000000	11000000	69.2249
23000000	12000000	88.2419
23000000	13000000	89.7053
23000000	14000000	91.7678
23000000	15000000	57.5667
23000000	16000000	48.0358
23000000	17000000	66.7137
23000000	18000000	96.1958
23000000	19000000	114.1281
23000000	20000000	147.6284
23000000	21000000	134.0196
23000000	22000000	574.5390
23000000	23000000	2711.5938
23000000	24000000	753.2493
23000000	25000000	171.6371
23000000	26000000	120.3501
23000000	27000000	120.5737
23000000	28000000	111.7021
23000000	29000000	96.9461
23000000	30000000	95.4156
23000000	31000000	97.7566
23000000	32000000	106.1344
23000000	33000000	91.1236
23000000	34000000	82.0136
23000000	35000000	86.3345
23000000	36000000	85.9612
23000000	37000000	82.1727
23000000	38000000	88.1162
23000000	39000000	83.7452
23000000	40000000	79.7658
23000000	41000000	68.5764
23000000	42000000	81.6048
23000000	43000000	80.4873
23000000	44000000	84.9456
23000000	45000000	50.9717
23000000	46000000	52.5163
23000000	47000000	49.7536
23000000	48000000	57.0170
23000000	49000000	11.1935
24000000	1000000	34.4615
24000000	2000000	60.6875
24000000	3000000	62.5991
24000000	4000000	71.6691
24000000	5000000	61.5926
24000000	6000000	74.6924
24000000	7000000	85.0030
24000000	8000000	76.7369
24000000	9000000	73.6226
24000000	10000000	85.5146
24000000	11000000	95.7594
24000000	12000000	103.9109
24000000	13000000	92.9659
24000000	14000000	103.0290
24000000	15000000	80.7835
24000000	16000000	77.0297
24000000	17000000	77.0384
24000000	18000000	119.2081
24000000	19000000	127.6245
24000000	20000000	128.8960
24000000	21000000	145.4764
24000000	22000000	322.5872
24000000	23000000	753.2493
24000000	24000000	2796.4165
24000000	25000000	696.3369
24000000	26000000	214.0734
24000000	27000000	190.5907
24000000	28000000	184.4579
24000000	29000000	124.8603
24000000	30000000	103.6016
24000000	31000000	103.2707
24000000	32000000	133.3897
24000000	33000000	104.9036
24000000	34000000	89.3826
24000000	35000000	88.4729
24000000	36000000	114.8845
24000000	37000000	103.6032
24000000	38000000	106.2282
24000000	39000000	112.7699
24000000	40000000	98.6493
24000000	41000000	87.1798
24000000	42000000	108.2610
24000000	43000000	101.1339
24000000	44000000	105.7357
24000000	45000000	83.5984
24000000	46000000	77.5268
24000000	47000000	71.6938
24000000	48000000	74.0275
24000000	49000000	19.7122
25000000	1000000	24.1816
25000000	2000000	47.0196
25000000	3000000	55.3209
25000000	4000000	50.8944
25000000	5000000	51.4139
25000000	6000000	54.0704
25000000	7000000	73.7727
25000000	8000000	58.0169
25000000	9000000	54.6196
25000000	10000000	63.0852
25000000	11000000	71.8503
25000000	12000000	83.6101
25000000	13000000	81.2588
25000000	14000000	88.6640
25000000	15000000	52.1360
25000000	16000000	54.6881
25000000	17000000	73.8005
25000000	18000000	103.6124
25000000	19000000	111.1090
25000000	20000000	110.9023
25000000	21000000	109.9924
25000000	22000000	145.6726
25000000	23000000	171.6371
25000000	24000000	696.3369
25000000	25000000	2293.5189
25000000	26000000	709.8568
25000000	27000000	388.6834
25000000	28000000	190.7077
25000000	29000000	112.5846
25000000	30000000	96.9675
25000000	31000000	94.9457
25000000	32000000	92.9051
25000000	33000000	94.1844
25000000	34000000	76.1340
25000000	35000000	79.7056
25000000	36000000	100.3880
25000000	37000000	98.6110
25000000	38000000	92.1129
25000000	39000000	85.3062
25000000	40000000	81.7011
25000000	41000000	80.5584
25000000	42000000	103.2958
25000000	43000000	83.9988
25000000	44000000	79.8347
25000000	45000000	61.5192
25000000	46000000	59.1780
25000000	47000000	59.3961
25000000	48000000	69.0344
25000000	49000000	17.3945
26000000	1000000	27.7367
26000000	2000000	40.8381
26000000	3000000	47.1123
26000000	4000000	45.9905
26000000	5000000	41.5977
26000000	6000000	41.4603
26000000	7000000	56.3574
26000000	8000000	47.4721
26000000	9000000	52.4274
26000000	10000000	46.5915
26000000	11000000	56.6211
26000000	12000000	74.8715
26000000	13000000	69.6430
26000000	14000000	72.3638
26000000	15000000	47.1718
26000000	16000000	49.8346
26000000	17000000	56.5141
26000000	18000000	88.5651
26000000	19000000	90.1387
26000000	20000000	105.4167
26000000	21000000	94.9067
26000000	22000000	104.8812
26000000	23000000	120.3501
26000000	24000000	214.0734
26000000	25000000	709.8568
26000000	26000000	2145.0153
26000000	27000000	948.3344
26000000	28000000	209.1078
26000000	29000000	128.1773
26000000	30000000	111.5775
26000000	31000000	93.9263
26000000	32000000	85.4355
26000000	33000000	89.3709
26000000	34000000	77.4227
26000000	35000000	73.6418
26000000	36000000	81.5064
26000000	37000000	88.7340
26000000	38000000	93.4774
26000000	39000000	81.8309
26000000	40000000	85.7043
26000000	41000000	75.4548
26000000	42000000	87.1743
26000000	43000000	83.7625
26000000	44000000	77.9065
26000000	45000000	49.1549
26000000	46000000	48.4513
26000000	47000000	46.7742
26000000	48000000	60.0853
26000000	49000000	13.0075
27000000	1000000	28.3769
27000000	2000000	57.7926
27000000	3000000	49.4005
27000000	4000000	54.1247
27000000	5000000	51.6660
27000000	6000000	55.7914
27000000	7000000	62.5862
27000000	8000000	57.9657
27000000	9000000	62.0544
27000000	10000000	49.3849
27000000	11000000	76.1153
27000000	12000000	73.5589
27000000	13000000	76.9800
27000000	14000000	85.1575
27000000	15000000	55.9815
27000000	16000000	54.3991
27000000	17000000	73.1888
27000000	18000000	91.1875
27000000	19000000	95.2858
27000000	20000000	106.0273
27000000	21000000	89.5012
27000000	22000000	117.3760
27000000	23000000	120.5737
27000000	24000000	190.5907
27000000	25000000	388.6834
27000000	26000000	948.3344
27000000	27000000	2514.6505
27000000	28000000	583.1590
27000000	29000000	167.0362
27000000	30000000	133.1310
27000000	31000000	105.4182
27000000	32000000	121.8159
27000000	33000000	102.8989
27000000	34000000	82.4111
27000000	35000000	83.9893
27000000	36000000	101.7119
27000000	37000000	94.1677
27000000	38000000	97.0425
27000000	39000000	98.4541
27000000	40000000	88.0930
27000000	41000000	75.2071
27000000	42000000	105.7028
27000000	43000000	82.9078
27000000	44000000	95.6733
27000000	45000000	60.9891
27000000	46000000	58.8518
27000000	47000000	58.3512
27000000	48000000	60.8616
27000000	49000000	16.1507
28000000	1000000	20.4630
28000000	2000000	60.9702
28000000	3000000	56.6554
28000000	4000000	63.7512
28000000	5000000	57.5267
28000000	6000000	66.4909
28000000	7000000	76.1401
28000000	8000000	67.0059
28000000	9000000	72.3610
28000000	10000000	73.0196
28000000	11000000	89.6145
28000000	12000000	91.9885
28000000	13000000	78.8223
28000000	14000000	95.3388
28000000	15000000	70.8649
28000000	16000000	82.0612
28000000	17000000	106.8271
28000000	18000000	119.9033
28000000	19000000	119.9573
28000000	20000000	114.2572
28000000	21000000	106.3907
28000000	22000000	126.7710
28000000	23000000	111.7021
28000000	24000000	184.4579
28000000	25000000	190.7077
28000000	26000000	209.1078
28000000	27000000	583.1590
28000000	28000000	2826.6613
28000000	29000000	661.6664
28000000	30000000	211.3873
28000000	31000000	169.4619
28000000	32000000	143.3379
28000000	33000000	125.4525
28000000	34000000	98.6587
28000000	35000000	101.7246
28000000	36000000	112.3970
28000000	37000000	112.3206
28000000	38000000	106.4854
28000000	39000000	132.6687
28000000	40000000	102.5217
28000000	41000000	88.8277
28000000	42000000	125.2291
28000000	43000000	110.4719
28000000	44000000	108.6362
28000000	45000000	99.0693
28000000	46000000	95.8218
28000000	47000000	93.3009
28000000	48000000	95.8052
28000000	49000000	19.6272
29000000	1000000	20.6626
29000000	2000000	41.6030
29000000	3000000	50.5912
29000000	4000000	53.2431
29000000	5000000	48.5532
29000000	6000000	47.4099
29000000	7000000	59.1165
29000000	8000000	51.2644
29000000	9000000	52.6934
29000000	10000000	60.8468
29000000	11000000	68.3780
29000000	12000000	74.6639
29000000	13000000	71.0235
29000000	14000000	79.9807
29000000	15000000	48.5508
29000000	16000000	51.0271
29000000	17000000	73.4115
29000000	18000000	95.2397
29000000	19000000	99.1570
29000000	20000000	108.2520
29000000	21000000	85.3262
29000000	22000000	107.6063
29000000	23000000	96.9461
29000000	24000000	124.8603
29000000	25000000	112.5846
29000000	26000000	128.1773
29000000	27000000	167.0362
29000000	28000000	661.6664
29000000	29000000	2154.6276
29000000	30000000	709.4155
29000000	31000000	276.6704
29000000	32000000	178.7637
29000000	33000000	119.8430
29000000	34000000	102.6010
29000000	35000000	87.4758
29000000	36000000	87.2848
29000000	37000000	100.5598
29000000	38000000	107.6866
29000000	39000000	104.9697
29000000	40000000	96.1257
29000000	41000000	95.7583
29000000	42000000	117.8779
29000000	43000000	109.1007
29000000	44000000	107.3505
29000000	45000000	70.7225
29000000	46000000	59.6820
29000000	47000000	63.3323
29000000	48000000	62.9348
29000000	49000000	17.0023
30000000	1000000	22.7658
30000000	2000000	35.1791
30000000	3000000	42.7108
30000000	4000000	45.7538
30000000	5000000	37.2781
30000000	6000000	40.6350
30000000	7000000	52.6599
30000000	8000000	38.9906
30000000	9000000	50.5252
30000000	10000000	47.5468
30000000	11000000	61.9293
30000000	12000000	68.3894
30000000	13000000	75.3547
30000000	14000000	60.9015
30000000	15000000	33.7836
30000000	16000000	37.1242
30000000	17000000	59.2605
30000000	18000000	84.4414
30000000	19000000	94.4861
30000000	20000000	104.0314
30000000	21000000	79.8752
30000000	22000000	77.5845
30000000	23000000	95.4156
30000000	24000000	103.6016
30000000	25000000	96.9675
30000000	26000000	111.5775
30000000	27000000	133.1310
30000000	28000000	211.3873
30000000	29000000	709.4155
30000000	30000000	2292.4807
30000000	31000000	683.2087
30000000	32000000	205.4578
30000000	33000000	158.6758
30000000	34000000	105.6255
30000000	35000000	111.8115
30000000	36000000	75.7062
30000000	37000000	102.7914
30000000	38000000	87.4581
30000000	39000000	98.6790
30000000	40000000	106.7644
30000000	41000000	93.1201
30000000	42000000	106.7377
30000000	43000000	103.1573
30000000	44000000	100.4187
30000000	45000000	46.9657
30000000	46000000	58.7486
30000000	47000000	54.0045
30000000	48000000	68.2909
30000000	49000000	10.9131
31000000	1000000	24.9207
31000000	2000000	37.7307
31000000	3000000	46.4120
31000000	4000000	44.6708
31000000	5000000	44.0242
31000000	6000000	41.7283
31000000	7000000	57.4616
31000000	8000000	41.0839
31000000	9000000	54.0911
31000000	10000000	50.7060
31000000	11000000	59.9571
31000000	12000000	70.6148
31000000	13000000	73.2652
31000000	14000000	79.2740
31000000	15000000	45.8355
31000000	16000000	48.2895
31000000	17000000	57.6747
31000000	18000000	82.6677
31000000	19000000	99.6848
31000000	20000000	108.9576
31000000	21000000	89.4801
31000000	22000000	97.9212
31000000	23000000	97.7566
31000000	24000000	103.2707
31000000	25000000	94.9457
31000000	26000000	93.9263
31000000	27000000	105.4182
31000000	28000000	169.4619
31000000	29000000	276.6704
31000000	30000000	683.2087
31000000	31000000	2065.6544
31000000	32000000	889.0253
31000000	33000000	213.5731
31000000	34000000	126.1105
31000000	35000000	101.1503
31000000	36000000	96.1349
31000000	37000000	96.8236
31000000	38000000	95.4458
31000000	39000000	101.4879
31000000	40000000	103.6340
31000000	41000000	101.5613
31000000	42000000	117.4021
31000000	43000000	110.4521
31000000	44000000	118.2009
31000000	45000000	64.4815
31000000	46000000	64.8488
31000000	47000000	56.5947
31000000	48000000	66.9398
31000000	49000000	19.0330
32000000	1000000	20.3569
32000000	2000000	43.2173
32000000	3000000	46.2122
32000000	4000000	56.6060
32000000	5000000	58.1419
32000000	6000000	56.3396
32000000	7000000	70.9391
32000000	8000000	60.9963
32000000	9000000	71.4905
32000000	10000000	64.3884
32000000	11000000	76.4024
32000000	12000000	76.7155
32000000	13000000	74.9130
32000000	14000000	100.0277
32000000	15000000	57.1306
32000000	16000000	54.9619
32000000	17000000	80.4153
32000000	18000000	106.7791
32000000	19000000	112.0540
32000000	20000000	103.4387
32000000	21000000	104.2533
32000000	22000000	118.6885
32000000	23000000	106.1344
32000000	24000000	133.3897
32000000	25000000	92.9051
32000000	26000000	85.4355
32000000	27000000	121.8159
32000000	28000000	143.3379
32000000	29000000	178.7637
32000000	30000000	205.4578
32000000	31000000	889.0253
32000000	32000000	3412.5609
32000000	33000000	577.7899
32000000	34000000	180.1706
32000000	35000000	146.3878
32000000	36000000	126.0666
32000000	37000000	125.3844
32000000	38000000	117.5377
32000000	39000000	114.3209
32000000	40000000	108.9100
32000000	41000000	99.2173
32000000	42000000	151.1439
32000000	43000000	131.8922
32000000	44000000	143.8270
32000000	45000000	100.0859
32000000	46000000	85.4673
32000000	47000000	91.7895
32000000	48000000	88.4165
32000000	49000000	19.6183
33000000	1000000	24.0509
33000000	2000000	38.6547
33000000	3000000	40.6762
33000000	4000000	46.7754
33000000	5000000	31.7830
33000000	6000000	48.5573
33000000	7000000	56.6786
33000000	8000000	43.8554
33000000	9000000	43.7743
33000000	10000000	54.1734
33000000	11000000	56.4767
33000000	12000000	62.5463
33000000	13000000	75.2768
33000000	14000000	71.4926
33000000	15000000	44.8080
33000000	16000000	41.4990
33000000	17000000	55.4498
33000000	18000000	100.1493
33000000	19000000	83.8480
33000000	20000000	101.1818
33000000	21000000	89.2332
33000000	22000000	99.0222
33000000	23000000	91.1236
33000000	24000000	104.9036
33000000	25000000	94.1844
33000000	26000000	89.3709
33000000	27000000	102.8989
33000000	28000000	125.4525
33000000	29000000	119.8430
33000000	30000000	158.6758
33000000	31000000	213.5731
33000000	32000000	577.7899
33000000	33000000	2553.1011
33000000	34000000	637.0642
33000000	35000000	273.3182
33000000	36000000	155.1242
33000000	37000000	152.2274
33000000	38000000	122.5540
33000000	39000000	104.0670
33000000	40000000	110.7223
33000000	41000000	99.2426
33000000	42000000	123.5617
33000000	43000000	122.3378
33000000	44000000	129.8838
33000000	45000000	71.9838
33000000	46000000	71.7791
33000000	47000000	57.0305
33000000	48000000	78.0917
33000000	49000000	15.1128
34000000	1000000	15.6761
34000000	2000000	31.2502
34000000	3000000	36.1803
34000000	4000000	39.4050
34000000	5000000	29.5476
34000000	6000000	38.1452
34000000	7000000	47.6858
34000000	8000000	37.7213
34000000	9000000	44.8859
34000000	10000000	49.6456
34000000	11000000	53.5810
34000000	12000000	56.4176
34000000	13000000	64.9383
34000000	14000000	66.5054
34000000	15000000	35.3839
34000000	16000000	45.1589
34000000	17000000	56.8867
34000000	18000000	85.7110
34000000	19000000	75.9457
34000000	20000000	90.0720
34000000	21000000	74.9929
34000000	22000000	77.6546
34000000	23000000	82.0136
34000000	24000000	89.3826
34000000	25000000	76.1340
34000000	26000000	77.4227
34000000	27000000	82.4111
34000000	28000000	98.6587
34000000	29000000	102.6010
34000000	30000000	105.6255
34000000	31000000	126.1105
34000000	32000000	180.1706
34000000	33000000	637.0642
34000000	34000000	2337.3274
34000000	35000000	801.4290
34000000	36000000	198.3943
34000000	37000000	154.2026
34000000	38000000	120.4206
34000000	39000000	106.7974
34000000	40000000	93.6860
34000000	41000000	77.3446
34000000	42000000	94.3675
34000000	43000000	105.5352
34000000	44000000	102.3006
34000000	45000000	53.4988
34000000	46000000	68.4425
34000000	47000000	51.1467
34000000	48000000	74.7189
34000000	49000000	16.9833
35000000	1000000	17.2896
35000000	2000000	28.1766
35000000	3000000	38.5164
35000000	4000000	43.3836
35000000	5000000	35.5700
35000000	6000000	39.5491
35000000	7000000	50.6951
35000000	8000000	40.5889
35000000	9000000	47.7994
35000000	10000000	49.3973
35000000	11000000	53.7768
35000000	12000000	53.5349
35000000	13000000	59.1449
35000000	14000000	61.9807
35000000	15000000	36.3082
35000000	16000000	39.7694
35000000	17000000	52.7782
35000000	18000000	85.0675
35000000	19000000	81.7233
35000000	20000000	95.0401
35000000	21000000	83.3855
35000000	22000000	87.1691
35000000	23000000	86.3345
35000000	24000000	88.4729
35000000	25000000	79.7056
35000000	26000000	73.6418
35000000	27000000	83.9893
35000000	28000000	101.7246
35000000	29000000	87.4758
35000000	30000000	111.8115
35000000	31000000	101.1503
35000000	32000000	146.3878
35000000	33000000	273.3182
35000000	34000000	801.4290
35000000	35000000	2043.8366
35000000	36000000	704.2363
35000000	37000000	251.1253
35000000	38000000	138.4326
35000000	39000000	122.0477
35000000	40000000	79.8313
35000000	41000000	87.1985
35000000	42000000	106.4927
35000000	43000000	105.4824
35000000	44000000	105.0244
35000000	45000000	69.6526
35000000	46000000	67.0941
35000000	47000000	56.9026
35000000	48000000	66.8015
35000000	49000000	15.5295
36000000	1000000	19.9525
36000000	2000000	36.4605
36000000	3000000	37.9980
36000000	4000000	49.2668
36000000	5000000	38.4708
36000000	6000000	45.9539
36000000	7000000	59.3616
36000000	8000000	48.8013
36000000	9000000	54.8657
36000000	10000000	56.5672
36000000	11000000	71.8196
36000000	12000000	73.5366
36000000	13000000	67.6851
36000000	14000000	75.8313
36000000	15000000	60.0205
36000000	16000000	51.0190
36000000	17000000	72.6877
36000000	18000000	105.8314
36000000	19000000	88.0322
36000000	20000000	83.0821
36000000	21000000	101.6209
36000000	22000000	109.0061
36000000	23000000	85.9612
36000000	24000000	114.8845
36000000	25000000	100.3880
36000000	26000000	81.5064
36000000	27000000	101.7119
36000000	28000000	112.3970
36000000	29000000	87.2848
36000000	30000000	75.7062
36000000	31000000	96.1349
36000000	32000000	126.0666
36000000	33000000	155.1242
36000000	34000000	198.3943
36000000	35000000	704.2363
36000000	36000000	2928.1950
36000000	37000000	864.4428
36000000	38000000	204.0812
36000000	39000000	139.5899
36000000	40000000	105.4605
36000000	41000000	100.0873
36000000	42000000	118.1053
36000000	43000000	99.3595
36000000	44000000	121.4652
36000000	45000000	82.4354
36000000	46000000	84.3173
36000000	47000000	77.1310
36000000	48000000	82.2004
36000000	49000000	19.5472
37000000	1000000	14.2117
37000000	2000000	29.9313
37000000	3000000	40.0215
37000000	4000000	40.9561
37000000	5000000	32.3087
37000000	6000000	51.4784
37000000	7000000	51.9304
37000000	8000000	44.1429
37000000	9000000	49.8169
37000000	10000000	43.0625
37000000	11000000	52.3071
37000000	12000000	64.5299
37000000	13000000	66.5241
37000000	14000000	66.5317
37000000	15000000	42.1890
37000000	16000000	48.8443
37000000	17000000	63.9121
37000000	18000000	80.6203
37000000	19000000	83.3840
37000000	20000000	98.0937
37000000	21000000	91.9331
37000000	22000000	87.3560
37000000	23000000	82.1727
37000000	24000000	103.6032
37000000	25000000	98.6110
37000000	26000000	88.7340
37000000	27000000	94.1677
37000000	28000000	112.3206
37000000	29000000	100.5598
37000000	30000000	102.7914
37000000	31000000	96.8236
37000000	32000000	125.3844
37000000	33000000	152.2274
37000000	34000000	154.2026
37000000	35000000	251.1253
37000000	36000000	864.4428
37000000	37000000	2360.6499
37000000	38000000	638.6883
37000000	39000000	202.0869
37000000	40000000	145.4837
37000000	41000000	120.1124
37000000	42000000	129.6593
37000000	43000000	108.9650
37000000	44000000	121.1104
37000000	45000000	70.0592
37000000	46000000	71.8928
37000000	47000000	61.9776
37000000	48000000	78.2686
37000000	49000000	14.0706
38000000	1000000	8.4945
38000000	2000000	33.8558
38000000	3000000	34.5679
38000000	4000000	41.4999
38000000	5000000	36.7298
38000000	6000000	44.2447
38000000	7000000	52.6503
38000000	8000000	40.6856
38000000	9000000	48.0897
38000000	10000000	48.7421
38000000	11000000	60.4263
38000000	12000000	62.1334
38000000	13000000	57.1944
38000000	14000000	70.2935
38000000	15000000	44.5043
38000000	16000000	40.5577
38000000	17000000	67.6093
38000000	18000000	81.9839
38000000	19000000	80.5414
38000000	20000000	94.2655
38000000	21000000	86.8680
38000000	22000000	90.0082
38000000	23000000	88.1162
38000000	24000000	106.2282
38000000	25000000	92.1129
38000000	26000000	93.4774
38000000	27000000	97.0425
38000000	28000000	106.4854
38000000	29000000	107.6866
38000000	30000000	87.4581
38000000	31000000	95.4458
38000000	32000000	117.5377
38000000	33000000	122.5540
38000000	34000000	120.4206
38000000	35000000	138.4326
38000000	36000000	204.0812
38000000	37000000	638.6883
38000000	38000000	2310.8742
38000000	39000000	595.8182
38000000	40000000	208.9311
38000000	41000000	135.3804
38000000	42000000	151.0125
38000000	43000000	120.4629
38000000	44000000	134.3150
38000000	45000000	77.4866
38000000	46000000	69.5961
38000000	47000000	69.0236
38000000	48000000	75.3378
38000000	49000000	20.5092
39000000	1000000	21.5188
39000000	2000000	32.4408
39000000	3000000	33.0544
39000000	4000000	40.0572
39000000	5000000	35.3815
39000000	6000000	39.1017
39000000	7000000	48.3272
39000000	8000000	47.8190
39000000	9000000	41.0354
39000000	10000000	54.4183
39000000	11000000	56.2642
39000000	12000000	68.6574
39000000	13000000	63.1925
39000000	14000000	67.6962
39000000	15000000	47.9283
39000000	16000000	49.5197
39000000	17000000	65.2669
39000000	18000000	82.3556
39000000	19000000	88.2499
39000000	20000000	90.7155
39000000	21000000	83.2811
39000000	22000000	88.2294
39000000	23000000	83.7452
39000000	24000000	112.7699
39000000	25000000	85.3062
39000000	26000000	81.8309
39000000	27000000	98.4541
39000000	28000000	132.6687
39000000	29000000	104.9697
39000000	30000000	98.6790
39000000	31000000	101.4879
39000000	32000000	114.3209
39000000	33000000	104.0670
39000000	34000000	106.7974
39000000	35000000	122.0477
39000000	36000000	139.5899
39000000	37000000	202.0869
39000000	38000000	595.8182
39000000	39000000	2532.9386
39000000	40000000	828.6117
39000000	41000000	252.5601
39000000	42000000	220.9721
39000000	43000000	140.4778
39000000	44000000	138.9006
39000000	45000000	93.8028
39000000	46000000	84.3516
39000000	47000000	80.9832
39000000	48000000	89.6232
39000000	49000000	19.4767
40000000	1000000	11.5669
40000000	2000000	27.6470
40000000	3000000	36.5764
40000000	4000000	40.0308
40000000	5000000	29.6999
40000000	6000000	35.0466
40000000	7000000	41.6720
40000000	8000000	38.0970
40000000	9000000	47.5591
40000000	10000000	42.0119
40000000	11000000	47.4375
40000000	12000000	57.1368
40000000	13000000	57.2614
40000000	14000000	57.3538
40000000	15000000	31.1426
40000000	16000000	37.7155
40000000	17000000	50.5644
40000000	18000000	78.0760
40000000	19000000	73.7165
40000000	20000000	88.1689
40000000	21000000	70.6543
40000000	22000000	88.2617
40000000	23000000	79.7658
40000000	24000000	98.6493
40000000	25000000	81.7011
40000000	26000000	85.7043
40000000	27000000	88.0930
40000000	28000000	102.5217
40000000	29000000	96.1257
40000000	30000000	106.7644
40000000	31000000	103.6340
40000000	32000000	108.9100
40000000	33000000	110.7223
40000000	34000000	93.6860
40000000	35000000	79.8313
40000000	36000000	105.4605
40000000	37000000	145.4837
40000000	38000000	208.9311
40000000	39000000	828.6117
40000000	40000000	2289.2369
40000000	41000000	832.0688
40000000	42000000	362.6501
40000000	43000000	164.4221
40000000	44000000	146.3876
40000000	45000000	79.6220
40000000	46000000	75.6245
40000000	47000000	71.4500
40000000	48000000	82.5410
40000000	49000000	20.3771
41000000	1000000	19.6192
41000000	2000000	29.2438
41000000	3000000	30.2053
41000000	4000000	40.0837
41000000	5000000	33.5656
41000000	6000000	32.9306
41000000	7000000	41.5438
41000000	8000000	37.7122
41000000	9000000	42.5731
41000000	10000000	42.9886
41000000	11000000	50.9157
41000000	12000000	49.6538
41000000	13000000	55.5351
41000000	14000000	54.3352
41000000	15000000	42.0484
41000000	16000000	36.1682
41000000	17000000	50.2227
41000000	18000000	75.8526
41000000	19000000	68.5383
41000000	20000000	85.7678
41000000	21000000	67.3461
41000000	22000000	82.8904
41000000	23000000	68.5764
41000000	24000000	87.1798
41000000	25000000	80.5584
41000000	26000000	75.4548
41000000	27000000	75.2071
41000000	28000000	88.8277
41000000	29000000	95.7583
41000000	30000000	93.1201
41000000	31000000	101.5613
41000000	32000000	99.2173
41000000	33000000	99.2426
41000000	34000000	77.3446
41000000	35000000	87.1985
41000000	36000000	100.0873
41000000	37000000	120.1124
41000000	38000000	135.3804
41000000	39000000	252.5601
41000000	40000000	832.0688
41000000	41000000	2700.3949
41000000	42000000	844.4761
41000000	43000000	204.7132
41000000	44000000	164.2886
41000000	45000000	80.7332
41000000	46000000	73.4106
41000000	47000000	72.2069
41000000	48000000	92.8208
41000000	49000000	20.0370
42000000	1000000	26.1818
42000000	2000000	36.7087
42000000	3000000	37.7249
42000000	4000000	45.1342
42000000	5000000	35.4201
42000000	6000000	51.6788
42000000	7000000	56.5242
42000000	8000000	55.1768
42000000	9000000	52.6858
42000000	10000000	60.5897
42000000	11000000	71.5811
42000000	12000000	64.5757
42000000	13000000	60.0397
42000000	14000000	69.1175
42000000	15000000	45.9826
42000000	16000000	53.6755
42000000	17000000	78.5523
42000000	18000000	92.0390
42000000	19000000	90.9128
42000000	20000000	100.8507
42000000	21000000	84.9590
42000000	22000000	98.4962
42000000	23000000	81.6048
42000000	24000000	108.2610
42000000	25000000	103.2958
42000000	26000000	87.1743
42000000	27000000	105.7028
42000000	28000000	125.2291
42000000	29000000	117.8779
42000000	30000000	106.7377
42000000	31000000	117.4021
42000000	32000000	151.1439
42000000	33000000	123.5617
42000000	34000000	94.3675
42000000	35000000	106.4927
42000000	36000000	118.1053
42000000	37000000	129.6593
42000000	38000000	151.0125
42000000	39000000	220.9721
42000000	40000000	362.6501
42000000	41000000	844.4761
42000000	42000000	3338.1719
42000000	43000000	923.0192
42000000	44000000	299.3475
42000000	45000000	149.1505
42000000	46000000	109.4197
42000000	47000000	98.4018
42000000	48000000	119.1754
42000000	49000000	21.5117
43000000	1000000	15.9905
43000000	2000000	32.1220
43000000	3000000	35.3147
43000000	4000000	44.2232
43000000	5000000	39.1069
43000000	6000000	39.7818
43000000	7000000	43.4621
43000000	8000000	47.8558
43000000	9000000	45.5779
43000000	10000000	42.5077
43000000	11000000	57.5113
43000000	12000000	55.8356
43000000	13000000	57.5477
43000000	14000000	64.3448
43000000	15000000	41.7361
43000000	16000000	43.8003
43000000	17000000	61.1535
43000000	18000000	85.2828
43000000	19000000	92.1218
43000000	20000000	79.6596
43000000	21000000	71.9366
43000000	22000000	89.8383
43000000	23000000	80.4873
43000000	24000000	101.1339
43000000	25000000	83.9988
43000000	26000000	83.7625
43000000	27000000	82.9078
43000000	28000000	110.4719
43000000	29000000	109.1007
43000000	30000000	103.1573
43000000	31000000	110.4521
43000000	32000000	131.8922
43000000	33000000	122.3378
43000000	34000000	105.5352
43000000	35000000	105.4824
43000000	36000000	99.3595
43000000	37000000	108.9650
43000000	38000000	120.4629
43000000	39000000	140.4778
43000000	40000000	164.4221
43000000	41000000	204.7132
43000000	42000000	923.0192
43000000	43000000	2658.1722
43000000	44000000	666.2376
43000000	45000000	182.8627
43000000	46000000	103.4177
43000000	47000000	87.7598
43000000	48000000	109.6084
43000000	49000000	22.8893
44000000	1000000	20.9553
44000000	2000000	29.3577
44000000	3000000	34.7880
44000000	4000000	40.6005
44000000	5000000	38.6903
44000000	6000000	35.3063
44000000	7000000	43.0930
44000000	8000000	41.6839
44000000	9000000	41.2073
44000000	10000000	49.1644
44000000	11000000	58.0245
44000000	12000000	59.8686
44000000	13000000	56.5740
44000000	14000000	57.5418
44000000	15000000	40.3444
44000000	16000000	45.1578
44000000	17000000	56.5166
44000000	18000000	81.9234
44000000	19000000	86.0946
44000000	20000000	83.2529
44000000	21000000	81.0972
44000000	22000000	89.1191
44000000	23000000	84.9456
44000000	24000000	105.7357
44000000	25000000	79.8347
44000000	26000000	77.9065
44000000	27000000	95.6733
44000000	28000000	108.6362
44000000	29000000	107.3505
44000000	30000000	100.4187
44000000	31000000	118.2009
44000000	32000000	143.8270
44000000	33000000	129.8838
44000000	34000000	102.3006
44000000	35000000	105.0244
44000000	36000000	121.4652
44000000	37000000	121.1104
44000000	38000000	134.3150
44000000	39000000	138.9006
44000000	40000000	146.3876
44000000	41000000	164.2886
44000000	42000000	299.3475
44000000	43000000	666.2376
44000000	44000000	2663.3852
44000000	45000000	480.7360
44000000	46000000	110.3882
44000000	47000000	95.0102
44000000	48000000	100.8641
44000000	49000000	23.6192
45000000	1000000	13.7428
45000000	2000000	44.1413
45000000	3000000	28.4757
45000000	4000000	49.4296
45000000	5000000	55.2386
45000000	6000000	48.4627
45000000	7000000	51.5907
45000000	8000000	72.4790
45000000	9000000	62.1868
45000000	10000000	90.4513
45000000	11000000	80.8313
45000000	12000000	41.1685
45000000	13000000	39.7903
45000000	14000000	56.6787
45000000	15000000	107.1360
45000000	16000000	132.2291
45000000	17000000	121.5498
45000000	18000000	99.6559
45000000	19000000	93.3474
45000000	20000000	41.0087
45000000	21000000	77.2270
45000000	22000000	93.8672
45000000	23000000	50.9717
45000000	24000000	83.5984
45000000	25000000	61.5192
45000000	26000000	49.1549
45000000	27000000	60.9891
45000000	28000000	99.0693
45000000	29000000	70.7225
45000000	30000000	46.9657
45000000	31000000	64.4815
45000000	32000000	100.0859
45000000	33000000	71.9838
45000000	34000000	53.4988
45000000	35000000	69.6526
45000000	36000000	82.4354
45000000	37000000	70.0592
45000000	38000000	77.4866
45000000	39000000	93.8028
45000000	40000000	79.6220
45000000	41000000	80.7332
45000000	42000000	149.1505
45000000	43000000	182.8627
45000000	44000000	480.7360
45000000	45000000	3426.8784
45000000	46000000	654.2054
45000000	47000000	219.7116
45000000	48000000	130.3833
45000000	49000000	36.1284
46000000	1000000	21.8427
46000000	2000000	40.2989
46000000	3000000	28.9655
46000000	4000000	51.2310
46000000	5000000	49.9554
46000000	6000000	49.5907
46000000	7000000	46.8549
46000000	8000000	58.4148
46000000	9000000	57.5131
46000000	10000000	81.5344
46000000	11000000	76.9433
46000000	12000000	47.7243
46000000	13000000	38.5274
46000000	14000000	59.2935
46000000	15000000	76.0992
46000000	16000000	117.1644
46000000	17000000	131.0761
46000000	18000000	88.0422
46000000	19000000	73.7715
46000000	20000000	44.5259
46000000	21000000	75.9311
46000000	22000000	84.1185
46000000	23000000	52.5163
46000000	24000000	77.5268
46000000	25000000	59.1780
46000000	26000000	48.4513
46000000	27000000	58.8518
46000000	28000000	95.8218
46000000	29000000	59.6820
46000000	30000000	58.7486
46000000	31000000	64.8488
46000000	32000000	85.4673
46000000	33000000	71.7791
46000000	34000000	68.4425
46000000	35000000	67.0941
46000000	36000000	84.3173
46000000	37000000	71.8928
46000000	38000000	69.5961
46000000	39000000	84.3516
46000000	40000000	75.6245
46000000	41000000	73.4106
46000000	42000000	109.4197
46000000	43000000	103.4177
46000000	44000000	110.3882
46000000	45000000	654.2054
46000000	46000000	2737.0652
46000000	47000000	620.9381
46000000	48000000	218.2038
46000000	49000000	48.3530
47000000	1000000	13.1671
47000000	2000000	42.5121
47000000	3000000	34.1774
47000000	4000000	46.2662
47000000	5000000	49.5448
47000000	6000000	47.5453
47000000	7000000	45.5443
47000000	8000000	64.2917
47000000	9000000	54.9354
47000000	10000000	72.9819
47000000	11000000	73.7978
47000000	12000000	49.8244
47000000	13000000	38.4597
47000000	14000000	56.5126
47000000	15000000	78.5074
47000000	16000000	98.3537
47000000	17000000	106.0727
47000000	18000000	82.1022
47000000	19000000	67.7834
47000000	20000000	43.3592
47000000	21000000	66.3521
47000000	22000000	82.1296
47000000	23000000	49.7536
47000000	24000000	71.6938
47000000	25000000	59.3961
47000000	26000000	46.7742
47000000	27000000	58.3512
47000000	28000000	93.3009
47000000	29000000	63.3323
47000000	30000000	54.0045
47000000	31000000	56.5947
47000000	32000000	91.7895
47000000	33000000	57.0305
47000000	34000000	51.1467
47000000	35000000	56.9026
47000000	36000000	77.1310
47000000	37000000	61.9776
47000000	38000000	69.0236
47000000	39000000	80.9832
47000000	40000000	71.4500
47000000	41000000	72.2069
47000000	42000000	98.4018
47000000	43000000	87.7598
47000000	44000000	95.0102
47000000	45000000	219.7116
47000000	46000000	620.9381
47000000	47000000	2579.8668
47000000	48000000	729.9271
47000000	49000000	93.2422
48000000	1000000	17.6054
48000000	2000000	44.1900
48000000	3000000	43.1777
48000000	4000000	45.4471
48000000	5000000	51.0957
48000000	6000000	48.7202
48000000	7000000	52.4107
48000000	8000000	49.4833
48000000	9000000	51.0301
48000000	10000000	61.4105
48000000	11000000	58.4540
48000000	12000000	53.6450
48000000	13000000	47.8864
48000000	14000000	55.7537
48000000	15000000	56.3923
48000000	16000000	67.2058
48000000	17000000	88.6097
48000000	18000000	81.8253
48000000	19000000	74.0891
48000000	20000000	58.4800
48000000	21000000	63.0973
48000000	22000000	80.5219
48000000	23000000	57.0170
48000000	24000000	74.0275
48000000	25000000	69.0344
48000000	26000000	60.0853
48000000	27000000	60.8616
48000000	28000000	95.8052
48000000	29000000	62.9348
48000000	30000000	68.2909
48000000	31000000	66.9398
48000000	32000000	88.4165
48000000	33000000	78.0917
48000000	34000000	74.7189
48000000	35000000	66.8015
48000000	36000000	82.2004
48000000	37000000	78.2686
48000000	38000000	75.3378
48000000	39000000	89.6232
48000000	40000000	82.5410
48000000	41000000	92.8208
48000000	42000000	119.1754
48000000	43000000	109.6084
48000000	44000000	100.8641
48000000	45000000	130.3833
48000000	46000000	218.2038
48000000	47000000	729.9271
48000000	48000000	2362.3604
48000000	49000000	293.2417
49000000	1000000	1.7511
49000000	2000000	11.2789
49000000	3000000	10.4449
49000000	4000000	15.0633
49000000	5000000	9.5197
49000000	6000000	12.8543
49000000	7000000	12.6945
49000000	8000000	14.2007
49000000	9000000	12.9959
49000000	10000000	13.5167
49000000	11000000	14.8115
49000000	12000000	10.0411
49000000	13000000	10.8739
49000000	14000000	14.1179
49000000	15000000	12.5925
49000000	16000000	16.0514
49000000	17000000	20.5256
49000000	18000000	14.0733
49000000	19000000	17.1754
49000000	20000000	11.5519
49000000	21000000	15.7820
49000000	22000000	15.5332
49000000	23000000	11.1935
49000000	24000000	19.7122
49000000	25000000	17.3945
49000000	26000000	13.0075
49000000	27000000	16.1507
49000000	28000000	19.6272
49000000	29000000	17.0023
49000000	30000000	10.9131
49000000	31000000	19.0330
49000000	32000000	19.6183
49000000	33000000	15.1128
49000000	34000000	16.9833
49000000	35000000	15.5295
49000000	36000000	19.5472
49000000	37000000	14.0706
49000000	38000000	20.5092
49000000	39000000	19.4767
49000000	40000000	20.3771
49000000	41000000	20.0370
49000000	42000000	21.5117
49000000	43000000	22.8893
49000000	44000000	23.6192
49000000	45000000	36.1284
49000000	46000000	48.3530
49000000	47000000	93.2422
49000000	48000000	293.2417
49000000	49000000	289.7433
