1000000	1000000	1175.3493
1000000	2000000	825.0583
1000000	3000000	206.7357
1000000	4000000	90.8715
1000000	5000000	76.8325
1000000	6000000	56.4925
1000000	7000000	59.9654
1000000	8000000	48.7038
1000000	9000000	68.7316
1000000	10000000	55.8937
1000000	11000000	48.1530
1000000	12000000	39.2616
1000000	13000000	40.6153
1000000	14000000	32.6344
1000000	15000000	46.5936
1000000	16000000	37.5064
1000000	17000000	45.1795
1000000	18000000	63.0372
1000000	19000000	44.8263
1000000	20000000	34.9550
1000000	21000000	29.5045
1000000	22000000	24.1230
1000000	23000000	25.6017
1000000	24000000	25.6027
1000000	25000000	29.7441
1000000	26000000	27.9619
1000000	27000000	23.5670
1000000	28000000	17.7677
1000000	29000000	25.1697
1000000	30000000	18.3173
1000000	31000000	15.8546
1000000	32000000	20.4686
1000000	33000000	22.2936
1000000	34000000	15.4461
1000000	35000000	16.9378
1000000	36000000	19.7705
1000000	37000000	17.0767
1000000	38000000	14.6544
1000000	39000000	19.5338
1000000	40000000	13.8042
1000000	41000000	15.1578
1000000	42000000	15.1076
1000000	43000000	20.4635
1000000	44000000	13.9804
1000000	45000000	19.7989
1000000	46000000	15.5872
1000000	47000000	15.6556
1000000	48000000	20.8220
1000000	49000000	17.8026
1000000	50000000	12.5440
1000000	51000000	17.0587
1000000	52000000	13.8576
1000000	53000000	11.6484
1000000	54000000	14.5937
1000000	55000000	11.6578
1000000	56000000	13.3126
1000000	57000000	11.1430
1000000	58000000	12.4319
1000000	59000000	14.9533
1000000	60000000	10.9789
1000000	61000000	14.5727
1000000	62000000	0.5733
2000000	1000000	825.0583
2000000	2000000	2991.5098
2000000	3000000	1047.8230
2000000	4000000	225.7766
2000000	5000000	166.8010
2000000	6000000	148.6520
2000000	7000000	131.8059
2000000	8000000	116.7707
2000000	9000000	145.2400
2000000	10000000	81.9810
2000000	11000000	87.9346
2000000	12000000	105.3824
2000000	13000000	80.9383
2000000	14000000	84.0413
2000000	15000000	87.1194
2000000	16000000	77.9324
2000000	17000000	108.4262
2000000	18000000	119.1266
2000000	19000000	98.8271
2000000	20000000	60.0945
2000000	21000000	40.7623
2000000	22000000	38.5477
2000000	23000000	57.1242
2000000	24000000	55.6381
2000000	25000000	53.9678
2000000	26000000	56.2648
2000000	27000000	56.8451
2000000	28000000	40.2283
2000000	29000000	46.7153
2000000	30000000	33.9044
2000000	31000000	35.7336
2000000	32000000	35.4520
2000000	33000000	39.8849
2000000	34000000	43.0224
2000000	35000000	41.2635
2000000	36000000	41.7345
2000000	37000000	37.3192
2000000	38000000	39.9059
2000000	39000000	38.1233
2000000	40000000	28.7436
2000000	41000000	30.6644
2000000	42000000	27.9603
2000000	43000000	30.7940
2000000	44000000	34.9840
2000000	45000000	36.5568
2000000	46000000	35.9237
2000000	47000000	36.5854
2000000	48000000	34.3912
2000000	49000000	33.2759
2000000	50000000	31.7866
2000000	51000000	31.1407
2000000	52000000	27.2635
2000000	53000000	20.8224
2000000	54000000	28.0366
2000000	55000000	25.3362
2000000	56000000	33.4684
2000000	57000000	26.8365
2000000	58000000	23.8602
2000000	59000000	29.9142
2000000	60000000	22.5232
2000000	61000000	33.4851
2000000	62000000	0.8390
3000000	1000000	206.7357
3000000	2000000	1047.8230
3000000	3000000	3317.6590
3000000	4000000	852.4558
3000000	5000000	261.2397
3000000	6000000	199.2111
3000000	7000000	178.2299
3000000	8000000	139.5613
3000000	9000000	171.8192
3000000	10000000	111.1735
3000000	11000000	113.3641
3000000	12000000	128.2753
3000000	13000000	108.0192
3000000	14000000	88.1772
3000000	15000000	110.0589
3000000	16000000	99.4401
3000000	17000000	140.2832
3000000	18000000	167.3061
3000000	19000000	126.4381
3000000	20000000	91.1785
3000000	21000000	56.3927
3000000	22000000	59.4350
3000000	23000000	60.8979
3000000	24000000	70.7780
3000000	25000000	65.2921
3000000	26000000	74.2128
3000000	27000000	68.3801
3000000	28000000	54.3155
3000000	29000000	55.9000
3000000	30000000	46.6607
3000000	31000000	38.2388
3000000	32000000	41.9583
3000000	33000000	45.5732
3000000	34000000	48.2523
3000000	35000000	45.9165
3000000	36000000	47.8707
3000000	37000000	51.5055
3000000	38000000	52.4709
3000000	39000000	53.0713
3000000	40000000	37.0688
3000000	41000000	40.7827
3000000	42000000	40.4545
3000000	43000000	40.2009
3000000	44000000	47.8289
3000000	45000000	43.2767
3000000	46000000	41.9299
3000000	47000000	41.1140
3000000	48000000	45.1545
3000000	49000000	39.6682
3000000	50000000	36.9267
3000000	51000000	40.8979
3000000	52000000	37.2753
3000000	53000000	32.1912
3000000	54000000	36.3896
3000000	55000000	33.7323
3000000	56000000	40.1107
3000000	57000000	29.6515
3000000	58000000	25.4732
3000000	59000000	32.4515
3000000	60000000	26.4912
3000000	61000000	36.9734
3000000	62000000	0.7888
4000000	1000000	90.8715
4000000	2000000	225.7766
4000000	3000000	852.4558
4000000	4000000	3109.3113
4000000	5000000	795.9622
4000000	6000000	348.5506
4000000	7000000	200.2843
4000000	8000000	129.9995
4000000	9000000	137.6325
4000000	10000000	83.5177
4000000	11000000	107.8329
4000000	12000000	114.3978
4000000	13000000	98.3819
4000000	14000000	91.5567
4000000	15000000	105.2870
4000000	16000000	94.7465
4000000	17000000	105.9393
4000000	18000000	131.2709
4000000	19000000	108.1318
4000000	20000000	82.4454
4000000	21000000	45.7157
4000000	22000000	42.6923
4000000	23000000	61.6878
4000000	24000000	54.0640
4000000	25000000	72.2954
4000000	26000000	66.4017
4000000	27000000	64.3146
4000000	28000000	44.4830
4000000	29000000	50.0091
4000000	30000000	41.2465
4000000	31000000	33.2155
4000000	32000000	38.2680
4000000	33000000	45.5855
4000000	34000000	40.9547
4000000	35000000	46.7988
4000000	36000000	50.8311
4000000	37000000	45.8973
4000000	38000000	42.5815
4000000	39000000	49.4600
4000000	40000000	34.6510
4000000	41000000	42.5502
4000000	42000000	32.5203
4000000	43000000	33.0702
4000000	44000000	39.2137
4000000	45000000	40.6018
4000000	46000000	38.4755
4000000	47000000	37.5210
4000000	48000000	35.7613
4000000	49000000	32.7140
4000000	50000000	36.9924
4000000	51000000	36.1215
4000000	52000000	34.7568
4000000	53000000	28.4396
4000000	54000000	24.0288
4000000	55000000	32.5420
4000000	56000000	32.7083
4000000	57000000	26.2709
4000000	58000000	26.5177
4000000	59000000	25.3144
4000000	60000000	19.6276
4000000	61000000	33.9819
4000000	62000000	0.5195
5000000	1000000	76.8325
5000000	2000000	166.8010
5000000	3000000	261.2397
5000000	4000000	795.9622
5000000	5000000	3454.3112
5000000	6000000	1112.3282
5000000	7000000	238.0366
5000000	8000000	157.0393
5000000	9000000	149.9611
5000000	10000000	71.2293
5000000	11000000	99.6099
5000000	12000000	101.3654
5000000	13000000	94.5176
5000000	14000000	82.1020
5000000	15000000	101.1711
5000000	16000000	90.6430
5000000	17000000	109.1391
5000000	18000000	124.9391
5000000	19000000	121.1956
5000000	20000000	74.6339
5000000	21000000	49.2005
5000000	22000000	46.5781
5000000	23000000	70.0432
5000000	24000000	64.6505
5000000	25000000	64.1334
5000000	26000000	75.8065
5000000	27000000	61.6897
5000000	28000000	45.4851
5000000	29000000	46.5655
5000000	30000000	38.4636
5000000	31000000	36.3208
5000000	32000000	38.5122
5000000	33000000	47.8766
5000000	34000000	44.6182
5000000	35000000	45.4954
5000000	36000000	53.2293
5000000	37000000	49.2279
5000000	38000000	48.9304
5000000	39000000	47.3311
5000000	40000000	40.5791
5000000	41000000	40.1556
5000000	42000000	41.5653
5000000	43000000	36.2728
5000000	44000000	42.3315
5000000	45000000	40.8434
5000000	46000000	41.3480
5000000	47000000	38.6684
5000000	48000000	33.5415
5000000	49000000	32.3645
5000000	50000000	40.3752
5000000	51000000	35.1383
5000000	52000000	34.9817
5000000	53000000	23.0838
5000000	54000000	24.5790
5000000	55000000	28.9585
5000000	56000000	33.9909
5000000	57000000	29.4333
5000000	58000000	23.0000
5000000	59000000	28.3346
5000000	60000000	25.2604
5000000	61000000	33.1393
5000000	62000000	0.5418
6000000	1000000	56.4925
6000000	2000000	148.6520
6000000	3000000	199.2111
6000000	4000000	348.5506
6000000	5000000	1112.3282
6000000	6000000	2142.8743
6000000	7000000	606.0370
6000000	8000000	178.9257
6000000	9000000	154.8368
6000000	10000000	78.3189
6000000	11000000	102.5482
6000000	12000000	102.7848
6000000	13000000	96.0888
6000000	14000000	82.8255
6000000	15000000	90.5523
6000000	16000000	89.8682
6000000	17000000	111.6989
6000000	18000000	113.7241
6000000	19000000	98.5680
6000000	20000000	77.7287
6000000	21000000	50.8389
6000000	22000000	39.9534
6000000	23000000	69.6768
6000000	24000000	58.8266
6000000	25000000	64.1165
6000000	26000000	67.0781
6000000	27000000	53.0088
6000000	28000000	36.5256
6000000	29000000	42.7101
6000000	30000000	38.3225
6000000	31000000	36.3944
6000000	32000000	33.5497
6000000	33000000	44.9714
6000000	34000000	36.4920
6000000	35000000	45.3277
6000000	36000000	41.9292
6000000	37000000	44.7995
6000000	38000000	41.7492
6000000	39000000	41.0757
6000000	40000000	32.1601
6000000	41000000	35.4474
6000000	42000000	28.6858
6000000	43000000	38.7726
6000000	44000000	33.3113
6000000	45000000	37.6818
6000000	46000000	27.6337
6000000	47000000	35.3263
6000000	48000000	31.9623
6000000	49000000	32.0185
6000000	50000000	42.1267
6000000	51000000	28.0379
6000000	52000000	32.5123
6000000	53000000	19.6744
6000000	54000000	21.3089
6000000	55000000	29.1468
6000000	56000000	26.3869
6000000	57000000	23.3479
6000000	58000000	23.5500
6000000	59000000	28.0306
6000000	60000000	23.1653
6000000	61000000	31.0298
6000000	62000000	2.0766
7000000	1000000	59.9654
7000000	2000000	131.8059
7000000	3000000	178.2299
7000000	4000000	200.2843
7000000	5000000	238.0366
7000000	6000000	606.0370
7000000	7000000	2861.8364
7000000	8000000	839.8944
7000000	9000000	355.4108
7000000	10000000	195.5631
7000000	11000000	156.8264
7000000	12000000	134.7499
7000000	13000000	120.1498
7000000	14000000	105.0393
7000000	15000000	136.2137
7000000	16000000	106.6686
7000000	17000000	127.5914
7000000	18000000	144.1952
7000000	19000000	96.2677
7000000	20000000	125.9327
7000000	21000000	88.8863
7000000	22000000	64.0268
7000000	23000000	84.0946
7000000	24000000	90.4441
7000000	25000000	85.9775
7000000	26000000	79.7061
7000000	27000000	81.0960
7000000	28000000	65.6289
7000000	29000000	65.8684
7000000	30000000	58.2359
7000000	31000000	51.0718
7000000	32000000	51.1128
7000000	33000000	56.9854
7000000	34000000	48.1082
7000000	35000000	55.6551
7000000	36000000	57.7676
7000000	37000000	58.5638
7000000	38000000	52.0011
7000000	39000000	48.0010
7000000	40000000	35.1602
7000000	41000000	40.4558
7000000	42000000	42.2175
7000000	43000000	38.5510
7000000	44000000	45.2000
7000000	45000000	44.1479
7000000	46000000	39.6829
7000000	47000000	45.6690
7000000	48000000	43.1632
7000000	49000000	44.1778
7000000	50000000	47.1739
7000000	51000000	36.3796
7000000	52000000	37.7656
7000000	53000000	34.2258
7000000	54000000	31.3592
7000000	55000000	31.3466
7000000	56000000	34.8644
7000000	57000000	29.1883
7000000	58000000	27.0888
7000000	59000000	37.3234
7000000	60000000	31.3991
7000000	61000000	36.2880
7000000	62000000	2.0975
8000000	1000000	48.7038
8000000	2000000	116.7707
8000000	3000000	139.5613
8000000	4000000	129.9995
8000000	5000000	157.0393
8000000	6000000	178.9257
8000000	7000000	839.8944
8000000	8000000	2657.4566
8000000	9000000	730.8295
8000000	10000000	122.3094
8000000	11000000	119.2683
8000000	12000000	124.5469
8000000	13000000	98.4782
8000000	14000000	91.3197
8000000	15000000	81.7874
8000000	16000000	82.7502
8000000	17000000	106.4569
8000000	18000000	109.8521
8000000	19000000	100.6275
8000000	20000000	69.5900
8000000	21000000	41.3391
8000000	22000000	45.3063
8000000	23000000	59.0229
8000000	24000000	53.2509
8000000	25000000	71.1649
8000000	26000000	66.1614
8000000	27000000	47.1837
8000000	28000000	33.7012
8000000	29000000	38.7827
8000000	30000000	35.8536
8000000	31000000	31.8737
8000000	32000000	33.9454
8000000	33000000	40.2238
8000000	34000000	36.6561
8000000	35000000	32.6561
8000000	36000000	39.6373
8000000	37000000	48.6702
8000000	38000000	45.0988
8000000	39000000	39.9857
8000000	40000000	30.5444
8000000	41000000	29.8243
8000000	42000000	40.5643
8000000	43000000	29.7934
8000000	44000000	37.4110
8000000	45000000	33.2253
8000000	46000000	38.8765
8000000	47000000	34.9688
8000000	48000000	31.0965
8000000	49000000	31.1985
8000000	50000000	36.9472
8000000	51000000	30.6458
8000000	52000000	29.7190
8000000	53000000	26.4387
8000000	54000000	20.2001
8000000	55000000	28.2038
8000000	56000000	30.6110
8000000	57000000	26.0013
8000000	58000000	22.4486
8000000	59000000	29.2270
8000000	60000000	22.9594
8000000	61000000	31.4663
8000000	62000000	1.6091
9000000	1000000	68.7316
9000000	2000000	145.2400
9000000	3000000	171.8192
9000000	4000000	137.6325
9000000	5000000	149.9611
9000000	6000000	154.8368
9000000	7000000	355.4108
9000000	8000000	730.8295
9000000	9000000	3166.4883
9000000	10000000	651.7049
9000000	11000000	151.9279
9000000	12000000	124.4631
9000000	13000000	113.7287
9000000	14000000	86.3194
9000000	15000000	98.7187
9000000	16000000	91.6926
9000000	17000000	116.8008
9000000	18000000	139.8397
9000000	19000000	123.2150
9000000	20000000	81.9913
9000000	21000000	49.1984
9000000	22000000	41.3092
9000000	23000000	57.4224
9000000	24000000	54.5332
9000000	25000000	67.3239
9000000	26000000	56.4395
9000000	27000000	53.3452
9000000	28000000	42.5932
9000000	29000000	47.5526
9000000	30000000	38.7225
9000000	31000000	36.3793
9000000	32000000	40.8827
9000000	33000000	43.1244
9000000	34000000	43.1855
9000000	35000000	43.2968
9000000	36000000	46.3871
9000000	37000000	56.0133
9000000	38000000	47.7393
9000000	39000000	43.1776
9000000	40000000	36.8145
9000000	41000000	36.9386
9000000	42000000	33.7929
9000000	43000000	38.4288
9000000	44000000	36.6829
9000000	45000000	40.9003
9000000	46000000	36.7626
9000000	47000000	42.2227
9000000	48000000	33.2357
9000000	49000000	32.9580
9000000	50000000	34.4625
9000000	51000000	31.3930
9000000	52000000	32.1169
9000000	53000000	23.5063
9000000	54000000	22.0480
9000000	55000000	29.7489
9000000	56000000	29.6502
9000000	57000000	30.3013
9000000	58000000	24.6584
9000000	59000000	24.0436
9000000	60000000	31.2013
9000000	61000000	27.9988
9000000	62000000	0.2691
10000000	1000000	55.8937
10000000	2000000	81.9810
10000000	3000000	111.1735
10000000	4000000	83.5177
10000000	5000000	71.2293
10000000	6000000	78.3189
10000000	7000000	195.5631
10000000	8000000	122.3094
10000000	9000000	651.7049
10000000	10000000	2777.4338
10000000	11000000	367.5596
10000000	12000000	123.2233
10000000	13000000	78.5630
10000000	14000000	55.4814
10000000	15000000	125.0895
10000000	16000000	60.8063
10000000	17000000	75.8661
10000000	18000000	113.0688
10000000	19000000	65.9507
10000000	20000000	92.6881
10000000	21000000	83.0047
10000000	22000000	114.8338
10000000	23000000	58.3707
10000000	24000000	65.4957
10000000	25000000	60.8895
10000000	26000000	61.0637
10000000	27000000	73.6954
10000000	28000000	92.6376
10000000	29000000	65.8018
10000000	30000000	48.3080
10000000	31000000	56.5985
10000000	32000000	71.8087
10000000	33000000	52.8690
10000000	34000000	37.4146
10000000	35000000	44.2559
10000000	36000000	52.4196
10000000	37000000	33.1917
10000000	38000000	33.5981
10000000	39000000	35.8439
10000000	40000000	15.8771
10000000	41000000	26.5480
10000000	42000000	23.6423
10000000	43000000	25.7192
10000000	44000000	25.0332
10000000	45000000	25.7914
10000000	46000000	20.2298
10000000	47000000	28.0444
10000000	48000000	36.0924
10000000	49000000	36.4271
10000000	50000000	26.2882
10000000	51000000	35.0167
10000000	52000000	28.3765
10000000	53000000	40.3333
10000000	54000000	43.5439
10000000	55000000	32.7269
10000000	56000000	25.7014
10000000	57000000	24.5090
10000000	58000000	20.4402
10000000	59000000	32.5657
10000000	60000000	28.3399
10000000	61000000	31.0077
10000000	62000000	0.2781
11000000	1000000	48.1530
11000000	2000000	87.9346
11000000	3000000	113.3641
11000000	4000000	107.8329
11000000	5000000	99.6099
11000000	6000000	102.5482
11000000	7000000	156.8264
11000000	8000000	119.2683
11000000	9000000	151.9279
11000000	10000000	367.5596
11000000	11000000	2367.5490
11000000	12000000	802.5403
11000000	13000000	295.7208
11000000	14000000	211.7486
11000000	15000000	192.5809
11000000	16000000	139.0270
11000000	17000000	153.5752
11000000	18000000	137.0996
11000000	19000000	110.5099
11000000	20000000	120.3344
11000000	21000000	84.3757
11000000	22000000	71.8421
11000000	23000000	96.0132
11000000	24000000	90.7929
11000000	25000000	98.5104
11000000	26000000	100.9549
11000000	27000000	78.2275
11000000	28000000	64.3138
11000000	29000000	66.3442
11000000	30000000	63.1484
11000000	31000000	49.6330
11000000	32000000	54.7091
11000000	33000000	54.8476
11000000	34000000	67.1560
11000000	35000000	61.7674
11000000	36000000	65.0875
11000000	37000000	65.1402
11000000	38000000	55.6700
11000000	39000000	52.9275
11000000	40000000	43.2916
11000000	41000000	48.1535
11000000	42000000	45.4742
11000000	43000000	38.9450
11000000	44000000	48.6201
11000000	45000000	45.8106
11000000	46000000	42.2515
11000000	47000000	50.3093
11000000	48000000	56.9896
11000000	49000000	39.0408
11000000	50000000	44.0788
11000000	51000000	46.7618
11000000	52000000	41.2338
11000000	53000000	40.0045
11000000	54000000	37.5048
11000000	55000000	37.6940
11000000	56000000	38.9171
11000000	57000000	34.4492
11000000	58000000	27.9248
11000000	59000000	36.7111
11000000	60000000	29.2294
11000000	61000000	35.4962
11000000	62000000	1.0419
12000000	1000000	39.2616
12000000	2000000	105.3824
12000000	3000000	128.2753
12000000	4000000	114.3978
12000000	5000000	101.3654
12000000	6000000	102.7848
12000000	7000000	134.7499
12000000	8000000	124.5469
12000000	9000000	124.4631
12000000	10000000	123.2233
12000000	11000000	802.5403
12000000	12000000	2542.6943
12000000	13000000	833.5773
12000000	14000000	246.2759
12000000	15000000	212.6284
12000000	16000000	148.5586
12000000	17000000	156.9735
12000000	18000000	152.2499
12000000	19000000	118.2215
12000000	20000000	102.5901
12000000	21000000	65.6868
12000000	22000000	60.9168
12000000	23000000	97.7956
12000000	24000000	93.2889
12000000	25000000	91.2014
12000000	26000000	97.8790
12000000	27000000	72.2282
12000000	28000000	53.9642
12000000	29000000	56.0606
12000000	30000000	51.4566
12000000	31000000	47.5542
12000000	32000000	51.9971
12000000	33000000	57.2737
12000000	34000000	58.0555
12000000	35000000	57.4468
12000000	36000000	62.2960
12000000	37000000	68.2133
12000000	38000000	66.9505
12000000	39000000	53.3514
12000000	40000000	49.1507
12000000	41000000	51.3530
12000000	42000000	46.2555
12000000	43000000	41.2468
12000000	44000000	46.1834
12000000	45000000	46.7901
12000000	46000000	48.2037
12000000	47000000	48.3810
12000000	48000000	46.1220
12000000	49000000	48.5435
12000000	50000000	45.7758
12000000	51000000	44.1941
12000000	52000000	38.8981
12000000	53000000	29.9477
12000000	54000000	32.2850
12000000	55000000	35.7329
12000000	56000000	39.8482
12000000	57000000	26.6344
12000000	58000000	24.2759
12000000	59000000	36.7287
12000000	60000000	30.3375
12000000	61000000	38.0149
12000000	62000000	1.7873
13000000	1000000	40.6153
13000000	2000000	80.9383
13000000	3000000	108.0192
13000000	4000000	98.3819
13000000	5000000	94.5176
13000000	6000000	96.0888
13000000	7000000	120.1498
13000000	8000000	98.4782
13000000	9000000	113.7287
13000000	10000000	78.5630
13000000	11000000	295.7208
13000000	12000000	833.5773
13000000	13000000	2117.9479
13000000	14000000	725.3114
13000000	15000000	292.5967
13000000	16000000	183.0691
13000000	17000000	185.1029
13000000	18000000	134.7719
13000000	19000000	122.7252
13000000	20000000	86.1288
13000000	21000000	61.3273
13000000	22000000	52.2889
13000000	23000000	97.3963
13000000	24000000	75.2781
13000000	25000000	97.4031
13000000	26000000	95.1493
13000000	27000000	67.6250
13000000	28000000	47.8055
13000000	29000000	49.9721
13000000	30000000	40.1899
13000000	31000000	39.7791
13000000	32000000	40.3799
13000000	33000000	50.8126
13000000	34000000	65.4746
13000000	35000000	53.5133
13000000	36000000	61.3428
13000000	37000000	60.0946
13000000	38000000	50.8193
13000000	39000000	51.1040
13000000	40000000	40.4004
13000000	41000000	48.6886
13000000	42000000	49.6069
13000000	43000000	49.2710
13000000	44000000	42.9483
13000000	45000000	43.0521
13000000	46000000	40.9701
13000000	47000000	47.7363
13000000	48000000	39.4183
13000000	49000000	42.8332
13000000	50000000	43.1819
13000000	51000000	38.0225
13000000	52000000	36.2944
13000000	53000000	27.4200
13000000	54000000	28.2872
13000000	55000000	26.2057
13000000	56000000	33.1744
13000000	57000000	31.0682
13000000	58000000	29.0988
13000000	59000000	31.2560
13000000	60000000	24.9420
13000000	61000000	35.4265
13000000	62000000	1.0447
14000000	1000000	32.6344
14000000	2000000	84.0413
14000000	3000000	88.1772
14000000	4000000	91.5567
14000000	5000000	82.1020
14000000	6000000	82.8255
14000000	7000000	105.0393
14000000	8000000	91.3197
14000000	9000000	86.3194
14000000	10000000	55.4814
14000000	11000000	211.7486
14000000	12000000	246.2759
14000000	13000000	725.3114
14000000	14000000	2292.6253
14000000	15000000	652.6817
14000000	16000000	245.1530
14000000	17000000	178.3339
14000000	18000000	122.8871
14000000	19000000	110.4365
14000000	20000000	85.4959
14000000	21000000	61.8968
14000000	22000000	47.3748
14000000	23000000	102.6710
14000000	24000000	77.2449
14000000	25000000	100.7917
14000000	26000000	85.9442
14000000	27000000	63.8573
14000000	28000000	45.5975
14000000	29000000	53.4023
14000000	30000000	49.7873
14000000	31000000	41.6555
14000000	32000000	39.7619
14000000	33000000	51.4894
14000000	34000000	62.7434
14000000	35000000	45.8283
14000000	36000000	65.2059
14000000	37000000	56.6274
14000000	38000000	51.3470
14000000	39000000	47.7822
14000000	40000000	38.1002
14000000	41000000	40.2970
14000000	42000000	44.0908
14000000	43000000	48.4050
14000000	44000000	45.0905
14000000	45000000	44.0662
14000000	46000000	40.3848
14000000	47000000	42.3422
14000000	48000000	41.1155
14000000	49000000	39.0317
14000000	50000000	47.9248
14000000	51000000	32.8171
14000000	52000000	37.0931
14000000	53000000	29.3868
14000000	54000000	29.1178
14000000	55000000	26.7576
14000000	56000000	35.5332
14000000	57000000	32.6617
14000000	58000000	32.6711
14000000	59000000	32.9211
14000000	60000000	28.7937
14000000	61000000	31.4147
14000000	62000000	1.4951
15000000	1000000	46.5936
15000000	2000000	87.1194
15000000	3000000	110.0589
15000000	4000000	105.2870
15000000	5000000	101.1711
15000000	6000000	90.5523
15000000	7000000	136.2137
15000000	8000000	81.7874
15000000	9000000	98.7187
15000000	10000000	125.0895
15000000	11000000	192.5809
15000000	12000000	212.6284
15000000	13000000	292.5967
15000000	14000000	652.6817
15000000	15000000	3456.2453
15000000	16000000	689.4873
15000000	17000000	280.7414
15000000	18000000	204.7466
15000000	19000000	115.3811
15000000	20000000	149.8923
15000000	21000000	113.2715
15000000	22000000	99.0792
15000000	23000000	122.0382
15000000	24000000	126.4239
15000000	25000000	111.0971
15000000	26000000	117.2217
15000000	27000000	111.1862
15000000	28000000	91.5932
15000000	29000000	92.3761
15000000	30000000	63.9305
15000000	31000000	68.3823
15000000	32000000	77.4306
15000000	33000000	77.7992
15000000	34000000	78.1507
15000000	35000000	79.1849
15000000	36000000	81.2487
15000000	37000000	79.9565
15000000	38000000	63.1181
15000000	39000000	59.9258
15000000	40000000	43.2272
15000000	41000000	45.1913
15000000	42000000	47.2798
15000000	43000000	54.3200
15000000	44000000	56.7474
15000000	45000000	45.0089
15000000	46000000	39.2435
15000000	47000000	57.1986
15000000	48000000	66.8860
15000000	49000000	55.3817
15000000	50000000	55.3875
15000000	51000000	57.3722
15000000	52000000	48.5061
15000000	53000000	46.8764
15000000	54000000	37.7393
15000000	55000000	42.0773
15000000	56000000	36.9750
15000000	57000000	40.5526
15000000	58000000	32.5703
15000000	59000000	44.6285
15000000	60000000	35.1407
15000000	61000000	40.5782
15000000	62000000	0.7839
16000000	1000000	37.5064
16000000	2000000	77.9324
16000000	3000000	99.4401
16000000	4000000	94.7465
16000000	5000000	90.6430
16000000	6000000	89.8682
16000000	7000000	106.6686
16000000	8000000	82.7502
16000000	9000000	91.6926
16000000	10000000	60.8063
16000000	11000000	139.0270
16000000	12000000	148.5586
16000000	13000000	183.0691
16000000	14000000	245.1530
16000000	15000000	689.4873
16000000	16000000	2234.2083
16000000	17000000	773.0285
16000000	18000000	227.7873
16000000	19000000	151.8301
16000000	20000000	118.6054
16000000	21000000	69.0358
16000000	22000000	54.1081
16000000	23000000	103.9581
16000000	24000000	85.1717
16000000	25000000	100.6998
16000000	26000000	98.7554
16000000	27000000	72.0630
16000000	28000000	46.8517
16000000	29000000	53.2633
16000000	30000000	45.3344
16000000	31000000	41.1162
16000000	32000000	40.1668
16000000	33000000	53.3026
16000000	34000000	67.7565
16000000	35000000	52.7268
16000000	36000000	60.2974
16000000	37000000	66.6507
16000000	38000000	58.5095
16000000	39000000	50.2518
16000000	40000000	38.4651
16000000	41000000	50.7306
16000000	42000000	47.9386
16000000	43000000	46.6601
16000000	44000000	40.1004
16000000	45000000	51.7324
16000000	46000000	42.2641
16000000	47000000	51.6252
16000000	48000000	48.5849
16000000	49000000	42.9947
16000000	50000000	49.7133
16000000	51000000	42.4457
16000000	52000000	41.3841
16000000	53000000	29.5965
16000000	54000000	32.2464
16000000	55000000	31.5307
16000000	56000000	35.1286
16000000	57000000	32.3734
16000000	58000000	30.6084
16000000	59000000	30.7045
16000000	60000000	26.8890
16000000	61000000	33.8066
16000000	62000000	0.7868
17000000	1000000	45.1795
17000000	2000000	108.4262
17000000	3000000	140.2832
17000000	4000000	105.9393
17000000	5000000	109.1391
17000000	6000000	111.6989
17000000	7000000	127.5914
17000000	8000000	106.4569
17000000	9000000	116.8008
17000000	10000000	75.8661
17000000	11000000	153.5752
17000000	12000000	156.9735
17000000	13000000	185.1029
17000000	14000000	178.3339
17000000	15000000	280.7414
17000000	16000000	773.0285
17000000	17000000	2404.1898
17000000	18000000	789.8949
17000000	19000000	209.1007
17000000	20000000	141.0554
17000000	21000000	71.3307
17000000	22000000	59.4791
17000000	23000000	100.0214
17000000	24000000	83.1443
17000000	25000000	120.3931
17000000	26000000	111.5877
17000000	27000000	70.3623
17000000	28000000	52.2102
17000000	29000000	52.8870
17000000	30000000	50.5361
17000000	31000000	45.6279
17000000	32000000	49.1307
17000000	33000000	57.2318
17000000	34000000	57.7412
17000000	35000000	55.2261
17000000	36000000	65.1572
17000000	37000000	70.7593
17000000	38000000	70.1675
17000000	39000000	57.8236
17000000	40000000	48.7045
17000000	41000000	50.2974
17000000	42000000	47.7540
17000000	43000000	47.0963
17000000	44000000	48.9153
17000000	45000000	50.5777
17000000	46000000	47.5279
17000000	47000000	42.9015
17000000	48000000	47.5202
17000000	49000000	42.6143
17000000	50000000	44.3620
17000000	51000000	39.0213
17000000	52000000	40.3591
17000000	53000000	27.9868
17000000	54000000	27.4257
17000000	55000000	31.4550
17000000	56000000	38.5510
17000000	57000000	29.1135
17000000	58000000	25.1379
17000000	59000000	29.8952
17000000	60000000	26.5032
17000000	61000000	30.4526
17000000	62000000	2.0138
18000000	1000000	63.0372
18000000	2000000	119.1266
18000000	3000000	167.3061
18000000	4000000	131.2709
18000000	5000000	124.9391
18000000	6000000	113.7241
18000000	7000000	144.1952
18000000	8000000	109.8521
18000000	9000000	139.8397
18000000	10000000	113.0688
18000000	11000000	137.0996
18000000	12000000	152.2499
18000000	13000000	134.7719
18000000	14000000	122.8871
18000000	15000000	204.7466
18000000	16000000	227.7873
18000000	17000000	789.8949
18000000	18000000	3508.9583
18000000	19000000	902.4430
18000000	20000000	307.5252
18000000	21000000	129.4713
18000000	22000000	90.7627
18000000	23000000	101.8128
18000000	24000000	108.4616
18000000	25000000	126.5084
18000000	26000000	109.9099
18000000	27000000	106.4225
18000000	28000000	76.6890
18000000	29000000	69.6021
18000000	30000000	64.4211
18000000	31000000	58.4465
18000000	32000000	62.3552
18000000	33000000	69.5427
18000000	34000000	63.6943
18000000	35000000	68.7460
18000000	36000000	82.6701
18000000	37000000	77.8965
18000000	38000000	71.7228
18000000	39000000	68.9449
18000000	40000000	52.3211
18000000	41000000	55.8487
18000000	42000000	65.7534
18000000	43000000	56.5610
18000000	44000000	64.8035
18000000	45000000	56.9041
18000000	46000000	54.4556
18000000	47000000	57.3642
18000000	48000000	57.5045
18000000	49000000	51.9600
18000000	50000000	53.6708
18000000	51000000	51.0706
18000000	52000000	46.3952
18000000	53000000	33.7001
18000000	54000000	38.4185
18000000	55000000	36.6376
18000000	56000000	33.9434
18000000	57000000	37.2547
18000000	58000000	31.7855
18000000	59000000	40.2310
18000000	60000000	30.7640
18000000	61000000	44.5703
18000000	62000000	1.3563
19000000	1000000	44.8263
19000000	2000000	98.8271
19000000	3000000	126.4381
19000000	4000000	108.1318
19000000	5000000	121.1956
19000000	6000000	98.5680
19000000	7000000	96.2677
19000000	8000000	100.6275
19000000	9000000	123.2150
19000000	10000000	65.9507
19000000	11000000	110.5099
19000000	12000000	118.2215
19000000	13000000	122.7252
19000000	14000000	110.4365
19000000	15000000	115.3811
19000000	16000000	151.8301
19000000	17000000	209.1007
19000000	18000000	902.4430
19000000	19000000	3040.7097
19000000	20000000	568.0784
19000000	21000000	103.9710
19000000	22000000	55.7377
19000000	23000000	85.6558
19000000	24000000	81.3939
19000000	25000000	107.3195
19000000	26000000	91.5343
19000000	27000000	69.7858
19000000	28000000	48.1628
19000000	29000000	56.2542
19000000	30000000	47.5165
19000000	31000000	38.8620
19000000	32000000	42.5740
19000000	33000000	61.7903
19000000	34000000	57.6173
19000000	35000000	58.1129
19000000	36000000	64.9584
19000000	37000000	74.3771
19000000	38000000	77.4248
19000000	39000000	72.3910
19000000	40000000	53.0432
19000000	41000000	51.1199
19000000	42000000	58.2393
19000000	43000000	51.5156
19000000	44000000	51.6690
19000000	45000000	56.5675
19000000	46000000	46.9018
19000000	47000000	50.6715
19000000	48000000	39.8608
19000000	49000000	43.6058
19000000	50000000	45.1901
19000000	51000000	39.4196
19000000	52000000	37.0330
19000000	53000000	32.2085
19000000	54000000	24.3769
19000000	55000000	35.2302
19000000	56000000	32.6025
19000000	57000000	29.5431
19000000	58000000	31.4936
19000000	59000000	35.3203
19000000	60000000	23.6574
19000000	61000000	38.6133
19000000	62000000	1.1263
20000000	1000000	34.9550
20000000	2000000	60.0945
20000000	3000000	91.1785
20000000	4000000	82.4454
20000000	5000000	74.6339
20000000	6000000	77.7287
20000000	7000000	125.9327
20000000	8000000	69.5900
20000000	9000000	81.9913
20000000	10000000	92.6881
20000000	11000000	120.3344
20000000	12000000	102.5901
20000000	13000000	86.1288
20000000	14000000	85.4959
20000000	15000000	149.8923
20000000	16000000	118.6054
20000000	17000000	141.0554
20000000	18000000	307.5252
20000000	19000000	568.0784
20000000	20000000	2803.0662
20000000	21000000	674.6867
20000000	22000000	167.4885
20000000	23000000	158.9163
20000000	24000000	148.1891
20000000	25000000	118.2633
20000000	26000000	105.8036
20000000	27000000	111.0902
20000000	28000000	87.2073
20000000	29000000	80.7840
20000000	30000000	75.2944
20000000	31000000	67.4589
20000000	32000000	74.6416
20000000	33000000	82.3653
20000000	34000000	76.7966
20000000	35000000	83.8373
20000000	36000000	81.4090
20000000	37000000	72.4600
20000000	38000000	71.6059
20000000	39000000	62.1524
20000000	40000000	41.2003
20000000	41000000	57.0149
20000000	42000000	43.4476
20000000	43000000	48.9184
20000000	44000000	54.6226
20000000	45000000	45.0894
20000000	46000000	40.0859
20000000	47000000	45.0495
20000000	48000000	55.4611
20000000	49000000	53.6694
20000000	50000000	55.6540
20000000	51000000	57.6020
20000000	52000000	46.8444
20000000	53000000	35.4138
20000000	54000000	34.2766
20000000	55000000	40.2681
20000000	56000000	34.2172
20000000	57000000	37.3484
20000000	58000000	25.5604
20000000	59000000	40.6953
20000000	60000000	39.3873
20000000	61000000	41.2047
20000000	62000000	1.9667
21000000	1000000	29.5045
21000000	2000000	40.7623
21000000	3000000	56.3927
21000000	4000000	45.7157
21000000	5000000	49.2005
21000000	6000000	50.8389
21000000	7000000	88.8863
21000000	8000000	41.3391
21000000	9000000	49.1984
21000000	10000000	83.0047
21000000	11000000	84.3757
21000000	12000000	65.6868
21000000	13000000	61.3273
21000000	14000000	61.8968
21000000	15000000	113.2715
21000000	16000000	69.0358
21000000	17000000	71.3307
21000000	18000000	129.4713
21000000	19000000	103.9710
21000000	20000000	674.6867
21000000	21000000	2933.6743
21000000	22000000	586.3918
21000000	23000000	203.4219
21000000	24000000	155.1637
21000000	25000000	99.1840
21000000	26000000	88.9690
21000000	27000000	122.3882
21000000	28000000	108.5558
21000000	29000000	108.3907
21000000	30000000	89.4292
21000000	31000000	97.3663
21000000	32000000	94.4792
21000000	33000000	91.5142
21000000	34000000	73.0235
21000000	35000000	86.9199
21000000	36000000	66.1768
21000000	37000000	54.6889
21000000	38000000	49.6760
21000000	39000000	40.1648
21000000	40000000	26.6369
21000000	41000000	39.4227
21000000	42000000	34.1933
21000000	43000000	34.2473
21000000	44000000	45.0056
21000000	45000000	29.5004
21000000	46000000	28.3820
21000000	47000000	44.1825
21000000	48000000	55.4012
21000000	49000000	57.9441
21000000	50000000	43.5626
21000000	51000000	50.8555
21000000	52000000	38.4118
21000000	53000000	46.4850
21000000	54000000	37.6500
21000000	55000000	43.8929
21000000	56000000	38.8442
21000000	57000000	34.6549
21000000	58000000	23.7669
21000000	59000000	45.6681
21000000	60000000	42.6878
21000000	61000000	42.4824
22000000	1000000	24.1230
22000000	2000000	38.5477
22000000	3000000	59.4350
22000000	4000000	42.6923
22000000	5000000	46.5781
22000000	6000000	39.9534
22000000	7000000	64.0268
22000000	8000000	45.3063
22000000	9000000	41.3092
22000000	10000000	114.8338
22000000	11000000	71.8421
22000000	12000000	60.9168
22000000	13000000	52.2889
22000000	14000000	47.3748
22000000	15000000	99.0792
22000000	16000000	54.1081
22000000	17000000	59.4791
22000000	18000000	90.7627
22000000	19000000	55.7377
22000000	20000000	167.4885
22000000	21000000	586.3918
22000000	22000000	3150.6551
22000000	23000000	533.0971
22000000	24000000	220.4330
22000000	25000000	100.3166
22000000	26000000	95.3001
22000000	27000000	118.7709
22000000	28000000	137.0823
22000000	29000000	118.9578
22000000	30000000	81.9087
22000000	31000000	103.4974
22000000	32000000	130.8738
22000000	33000000	105.6449
22000000	34000000	74.1897
22000000	35000000	92.4153
22000000	36000000	79.2855
22000000	37000000	53.4219
22000000	38000000	38.7008
22000000	39000000	45.1940
22000000	40000000	24.4918
22000000	41000000	32.0917
22000000	42000000	30.6442
22000000	43000000	28.3330
22000000	44000000	37.6215
22000000	45000000	28.6628
22000000	46000000	25.0102
22000000	47000000	40.8844
22000000	48000000	51.9008
22000000	49000000	50.8440
22000000	50000000	47.9816
22000000	51000000	52.9219
22000000	52000000	43.6314
22000000	53000000	61.3550
22000000	54000000	59.3528
22000000	55000000	48.5071
22000000	56000000	36.2117
22000000	57000000	45.0367
22000000	58000000	27.5894
22000000	59000000	51.4853
22000000	60000000	56.7573
22000000	61000000	52.5488
22000000	62000000	1.2298
23000000	1000000	25.6017
23000000	2000000	57.1242
23000000	3000000	60.8979
23000000	4000000	61.6878
23000000	5000000	70.0432
23000000	6000000	69.6768
23000000	7000000	84.0946
23000000	8000000	59.0229
23000000	9000000	57.4224
23000000	10000000	58.3707
23000000	11000000	96.0132
23000000	12000000	97.7956
23000000	13000000	97.3963
23000000	14000000	102.6710
23000000	15000000	122.0382
23000000	16000000	103.9581
23000000	17000000	100.0214
23000000	18000000	101.8128
23000000	19000000	85.6558
23000000	20000000	158.9163
23000000	21000000	203.4219
23000000	22000000	533.0971
23000000	23000000	2993.1682
23000000	24000000	743.4468
23000000	25000000	251.9381
23000000	26000000	167.9753
23000000	27000000	160.3413
23000000	28000000	111.2287
23000000	29000000	116.0802
23000000	30000000	115.5174
23000000	31000000	98.8039
23000000	32000000	93.7910
23000000	33000000	113.1373
23000000	34000000	121.7038
23000000	35000000	101.5850
23000000	36000000	82.9776
23000000	37000000	82.7617
23000000	38000000	66.8085
23000000	39000000	61.8556
23000000	40000000	49.3643
23000000	41000000	55.2579
23000000	42000000	51.5364
23000000	43000000	51.6865
23000000	44000000	62.4217
23000000	45000000	53.9380
23000000	46000000	44.2846
23000000	47000000	55.7053
23000000	48000000	69.2642
23000000	49000000	74.9792
23000000	50000000	80.1496
23000000	51000000	72.4673
23000000	52000000	65.4547
23000000	53000000	53.5027
23000000	54000000	47.8635
23000000	55000000	47.8176
23000000	56000000	54.7801
23000000	57000000	41.9980
23000000	58000000	41.7237
23000000	59000000	55.1638
23000000	60000000	48.2811
23000000	61000000	62.8525
23000000	62000000	1.4793
24000000	1000000	25.6027
24000000	2000000	55.6381
24000000	3000000	70.7780
24000000	4000000	54.0640
24000000	5000000	64.6505
24000000	6000000	58.8266
24000000	7000000	90.4441
24000000	8000000	53.2509
24000000	9000000	54.5332
24000000	10000000	65.4957
24000000	11000000	90.7929
24000000	12000000	93.2889
24000000	13000000	75.2781
24000000	14000000	77.2449
24000000	15000000	126.4239
24000000	16000000	85.1717
24000000	17000000	83.1443
24000000	18000000	108.4616
24000000	19000000	81.3939
24000000	20000000	148.1891
24000000	21000000	155.1637
24000000	22000000	220.4330
24000000	23000000	743.4468
24000000	24000000	3157.0965
24000000	25000000	809.8111
24000000	26000000	232.6986
24000000	27000000	191.4013
24000000	28000000	135.9462
24000000	29000000	113.5748
24000000	30000000	98.9932
24000000	31000000	95.7579
24000000	32000000	101.9137
24000000	33000000	112.6716
24000000	34000000	110.1384
24000000	35000000	117.5733
24000000	36000000	91.5930
24000000	37000000	82.9290
24000000	38000000	71.4419
24000000	39000000	70.5603
24000000	40000000	42.7813
24000000	41000000	51.0283
24000000	42000000	45.2017
24000000	43000000	52.2994
24000000	44000000	54.0873
24000000	45000000	50.9230
24000000	46000000	44.5743
24000000	47000000	54.2446
24000000	48000000	77.7510
24000000	49000000	60.9691
24000000	50000000	71.0249
24000000	51000000	62.4145
24000000	52000000	57.5574
24000000	53000000	54.0519
24000000	54000000	48.8198
24000000	55000000	49.5240
24000000	56000000	43.0774
24000000	57000000	42.5415
24000000	58000000	40.9987
24000000	59000000	48.8017
24000000	60000000	48.6308
24000000	61000000	57.2684
24000000	62000000	1.6982
25000000	1000000	29.7441
25000000	2000000	53.9678
25000000	3000000	65.2921
25000000	4000000	72.2954
25000000	5000000	64.1334
25000000	6000000	64.1165
25000000	7000000	85.9775
25000000	8000000	71.1649
25000000	9000000	67.3239
25000000	10000000	60.8895
25000000	11000000	98.5104
25000000	12000000	91.2014
25000000	13000000	97.4031
25000000	14000000	100.7917
25000000	15000000	111.0971
25000000	16000000	100.6998
25000000	17000000	120.3931
25000000	18000000	126.5084
25000000	19000000	107.3195
25000000	20000000	118.2633
25000000	21000000	99.1840
25000000	22000000	100.3166
25000000	23000000	251.9381
25000000	24000000	809.8111
25000000	25000000	2701.3745
25000000	26000000	738.9141
25000000	27000000	214.4855
25000000	28000000	99.4163
25000000	29000000	91.8822
25000000	30000000	72.3501
25000000	31000000	75.3512
25000000	32000000	72.7440
25000000	33000000	92.6413
25000000	34000000	104.3010
25000000	35000000	86.1669
25000000	36000000	95.2137
25000000	37000000	89.6958
25000000	38000000	81.1287
25000000	39000000	79.0499
25000000	40000000	62.1929
25000000	41000000	75.0339
25000000	42000000	61.0237
25000000	43000000	59.5124
25000000	44000000	57.0257
25000000	45000000	61.0360
25000000	46000000	53.2463
25000000	47000000	66.3436
25000000	48000000	70.3305
25000000	49000000	64.8994
25000000	50000000	67.9763
25000000	51000000	62.3426
25000000	52000000	56.3071
25000000	53000000	41.3629
25000000	54000000	42.3450
25000000	55000000	47.7488
25000000	56000000	49.7443
25000000	57000000	39.6923
25000000	58000000	40.1550
25000000	59000000	41.7801
25000000	60000000	36.4393
25000000	61000000	52.3125
25000000	62000000	1.0117
26000000	1000000	27.9619
26000000	2000000	56.2648
26000000	3000000	74.2128
26000000	4000000	66.4017
26000000	5000000	75.8065
26000000	6000000	67.0781
26000000	7000000	79.7061
26000000	8000000	66.1614
26000000	9000000	56.4395
26000000	10000000	61.0637
26000000	11000000	100.9549
26000000	12000000	97.8790
26000000	13000000	95.1493
26000000	14000000	85.9442
26000000	15000000	117.2217
26000000	16000000	98.7554
26000000	17000000	111.5877
26000000	18000000	109.9099
26000000	19000000	91.5343
26000000	20000000	105.8036
26000000	21000000	88.9690
26000000	22000000	95.3001
26000000	23000000	167.9753
26000000	24000000	232.6986
26000000	25000000	738.9141
26000000	26000000	2704.1614
26000000	27000000	658.2481
26000000	28000000	150.0927
26000000	29000000	119.2663
26000000	30000000	90.0925
26000000	31000000	88.8801
26000000	32000000	86.1816
26000000	33000000	95.8041
26000000	34000000	104.8444
26000000	35000000	91.3507
26000000	36000000	101.8361
26000000	37000000	107.0530
26000000	38000000	85.8041
26000000	39000000	79.7146
26000000	40000000	56.2731
26000000	41000000	74.7190
26000000	42000000	62.3688
26000000	43000000	71.8966
26000000	44000000	66.8149
26000000	45000000	66.1996
26000000	46000000	49.9759
26000000	47000000	71.2187
26000000	48000000	69.5696
26000000	49000000	73.5595
26000000	50000000	66.8424
26000000	51000000	58.6096
26000000	52000000	57.8778
26000000	53000000	48.9452
26000000	54000000	42.3788
26000000	55000000	48.8549
26000000	56000000	48.1994
26000000	57000000	40.5994
26000000	58000000	38.9135
26000000	59000000	47.0692
26000000	60000000	42.3919
26000000	61000000	50.2477
26000000	62000000	1.7626
27000000	1000000	23.5670
27000000	2000000	56.8451
27000000	3000000	68.3801
27000000	4000000	64.3146
27000000	5000000	61.6897
27000000	6000000	53.0088
27000000	7000000	81.0960
27000000	8000000	47.1837
27000000	9000000	53.3452
27000000	10000000	73.6954
27000000	11000000	78.2275
27000000	12000000	72.2282
27000000	13000000	67.6250
27000000	14000000	63.8573
27000000	15000000	111.1862
27000000	16000000	72.0630
27000000	17000000	70.3623
27000000	18000000	106.4225
27000000	19000000	69.7858
27000000	20000000	111.0902
27000000	21000000	122.3882
27000000	22000000	118.7709
27000000	23000000	160.3413
27000000	24000000	191.4013
27000000	25000000	214.4855
27000000	26000000	658.2481
27000000	27000000	3681.7006
27000000	28000000	774.3784
27000000	29000000	248.3472
27000000	30000000	137.5435
27000000	31000000	133.2220
27000000	32000000	145.3698
27000000	33000000	132.6010
27000000	34000000	108.7491
27000000	35000000	121.3231
27000000	36000000	102.9626
27000000	37000000	87.5814
27000000	38000000	73.4194
27000000	39000000	68.7509
27000000	40000000	43.5620
27000000	41000000	57.1775
27000000	42000000	49.7934
27000000	43000000	53.3096
27000000	44000000	59.3331
27000000	45000000	52.6808
27000000	46000000	43.2776
27000000	47000000	62.0958
27000000	48000000	74.7480
27000000	49000000	69.7150
27000000	50000000	62.6429
27000000	51000000	61.2842
27000000	52000000	57.7558
27000000	53000000	67.3480
27000000	54000000	64.2945
27000000	55000000	58.8399
27000000	56000000	57.3915
27000000	57000000	52.4656
27000000	58000000	37.2302
27000000	59000000	64.9826
27000000	60000000	60.5662
27000000	61000000	60.7953
27000000	62000000	3.1002
28000000	1000000	17.7677
28000000	2000000	40.2283
28000000	3000000	54.3155
28000000	4000000	44.4830
28000000	5000000	45.4851
28000000	6000000	36.5256
28000000	7000000	65.6289
28000000	8000000	33.7012
28000000	9000000	42.5932
28000000	10000000	92.6376
28000000	11000000	64.3138
28000000	12000000	53.9642
28000000	13000000	47.8055
28000000	14000000	45.5975
28000000	15000000	91.5932
28000000	16000000	46.8517
28000000	17000000	52.2102
28000000	18000000	76.6890
28000000	19000000	48.1628
28000000	20000000	87.2073
28000000	21000000	108.5558
28000000	22000000	137.0823
28000000	23000000	111.2287
28000000	24000000	135.9462
28000000	25000000	99.4163
28000000	26000000	150.0927
28000000	27000000	774.3784
28000000	28000000	3723.5567
28000000	29000000	750.9658
28000000	30000000	162.9768
28000000	31000000	176.0727
28000000	32000000	173.8771
28000000	33000000	127.5544
28000000	34000000	93.0911
28000000	35000000	102.4868
28000000	36000000	88.4565
28000000	37000000	59.6191
28000000	38000000	54.1503
28000000	39000000	52.5344
28000000	40000000	28.4264
28000000	41000000	45.4074
28000000	42000000	36.6686
28000000	43000000	40.9661
28000000	44000000	46.9536
28000000	45000000	33.6481
28000000	46000000	33.3633
28000000	47000000	48.7351
28000000	48000000	70.1456
28000000	49000000	63.1389
28000000	50000000	47.5072
28000000	51000000	50.8282
28000000	52000000	45.8360
28000000	53000000	62.7860
28000000	54000000	64.3517
28000000	55000000	60.8983
28000000	56000000	40.4307
28000000	57000000	45.4825
28000000	58000000	30.3510
28000000	59000000	62.6176
28000000	60000000	57.3715
28000000	61000000	57.6263
28000000	62000000	2.7490
29000000	1000000	25.1697
29000000	2000000	46.7153
29000000	3000000	55.9000
29000000	4000000	50.0091
29000000	5000000	46.5655
29000000	6000000	42.7101
29000000	7000000	65.8684
29000000	8000000	38.7827
29000000	9000000	47.5526
29000000	10000000	65.8018
29000000	11000000	66.3442
29000000	12000000	56.0606
29000000	13000000	49.9721
29000000	14000000	53.4023
29000000	15000000	92.3761
29000000	16000000	53.2633
29000000	17000000	52.8870
29000000	18000000	69.6021
29000000	19000000	56.2542
29000000	20000000	80.7840
29000000	21000000	108.3907
29000000	22000000	118.9578
29000000	23000000	116.0802
29000000	24000000	113.5748
29000000	25000000	91.8822
29000000	26000000	119.2663
29000000	27000000	248.3472
29000000	28000000	750.9658
29000000	29000000	3715.3019
29000000	30000000	684.5938
29000000	31000000	304.5409
29000000	32000000	189.9395
29000000	33000000	137.7143
29000000	34000000	109.6965
29000000	35000000	111.6028
29000000	36000000	96.0994
29000000	37000000	62.5656
29000000	38000000	60.5821
29000000	39000000	55.7358
29000000	40000000	40.0187
29000000	41000000	46.3673
29000000	42000000	49.8593
29000000	43000000	45.6484
29000000	44000000	60.1515
29000000	45000000	47.5895
29000000	46000000	41.7084
29000000	47000000	54.0387
29000000	48000000	70.2814
29000000	49000000	66.9477
29000000	50000000	66.6296
29000000	51000000	69.5949
29000000	52000000	58.1026
29000000	53000000	73.4369
29000000	54000000	70.8189
29000000	55000000	62.9124
29000000	56000000	49.7526
29000000	57000000	52.8324
29000000	58000000	37.1305
29000000	59000000	66.2319
29000000	60000000	69.6829
29000000	61000000	68.6949
29000000	62000000	1.4767
30000000	1000000	18.3173
30000000	2000000	33.9044
30000000	3000000	46.6607
30000000	4000000	41.2465
30000000	5000000	38.4636
30000000	6000000	38.3225
30000000	7000000	58.2359
30000000	8000000	35.8536
30000000	9000000	38.7225
30000000	10000000	48.3080
30000000	11000000	63.1484
30000000	12000000	51.4566
30000000	13000000	40.1899
30000000	14000000	49.7873
30000000	15000000	63.9305
30000000	16000000	45.3344
30000000	17000000	50.5361
30000000	18000000	64.4211
30000000	19000000	47.5165
30000000	20000000	75.2944
30000000	21000000	89.4292
30000000	22000000	81.9087
30000000	23000000	115.5174
30000000	24000000	98.9932
30000000	25000000	72.3501
30000000	26000000	90.0925
30000000	27000000	137.5435
30000000	28000000	162.9768
30000000	29000000	684.5938
30000000	30000000	2911.0367
30000000	31000000	728.8009
30000000	32000000	194.2597
30000000	33000000	147.0487
30000000	34000000	100.8652
30000000	35000000	97.9422
30000000	36000000	87.3323
30000000	37000000	60.6254
30000000	38000000	54.4324
30000000	39000000	50.6044
30000000	40000000	34.3582
30000000	41000000	44.5480
30000000	42000000	35.4427
30000000	43000000	38.6917
30000000	44000000	41.6196
30000000	45000000	35.9885
30000000	46000000	36.3111
30000000	47000000	44.2436
30000000	48000000	64.6811
30000000	49000000	65.8779
30000000	50000000	58.6384
30000000	51000000	61.6412
30000000	52000000	57.7568
30000000	53000000	57.8004
30000000	54000000	52.2739
30000000	55000000	47.8401
30000000	56000000	43.8880
30000000	57000000	52.5542
30000000	58000000	37.0070
30000000	59000000	57.7043
30000000	60000000	55.3576
30000000	61000000	70.1773
30000000	62000000	2.2381
31000000	1000000	15.8546
31000000	2000000	35.7336
31000000	3000000	38.2388
31000000	4000000	33.2155
31000000	5000000	36.3208
31000000	6000000	36.3944
31000000	7000000	51.0718
31000000	8000000	31.8737
31000000	9000000	36.3793
31000000	10000000	56.5985
31000000	11000000	49.6330
31000000	12000000	47.5542
31000000	13000000	39.7791
31000000	14000000	41.6555
31000000	15000000	68.3823
31000000	16000000	41.1162
31000000	17000000	45.6279
31000000	18000000	58.4465
31000000	19000000	38.8620
31000000	20000000	67.4589
31000000	21000000	97.3663
31000000	22000000	103.4974
31000000	23000000	98.8039
31000000	24000000	95.7579
31000000	25000000	75.3512
31000000	26000000	88.8801
31000000	27000000	133.2220
31000000	28000000	176.0727
31000000	29000000	304.5409
31000000	30000000	728.8009
31000000	31000000	3291.9485
31000000	32000000	682.2196
31000000	33000000	191.4448
31000000	34000000	115.4872
31000000	35000000	123.6985
31000000	36000000	87.3018
31000000	37000000	63.7709
31000000	38000000	52.4805
31000000	39000000	53.2024
31000000	40000000	40.1287
31000000	41000000	37.9857
31000000	42000000	31.4871
31000000	43000000	37.8026
31000000	44000000	42.9928
31000000	45000000	38.4216
31000000	46000000	33.2319
31000000	47000000	44.7749
31000000	48000000	67.2290
31000000	49000000	63.3963
31000000	50000000	63.4620
31000000	51000000	61.7387
31000000	52000000	56.0313
31000000	53000000	67.9541
31000000	54000000	60.0692
31000000	55000000	51.0896
31000000	56000000	46.2523
31000000	57000000	49.7683
31000000	58000000	32.5877
31000000	59000000	58.7828
31000000	60000000	73.5840
31000000	61000000	65.4812
31000000	62000000	1.2933
32000000	1000000	20.4686
32000000	2000000	35.4520
32000000	3000000	41.9583
32000000	4000000	38.2680
32000000	5000000	38.5122
32000000	6000000	33.5497
32000000	7000000	51.1128
32000000	8000000	33.9454
32000000	9000000	40.8827
32000000	10000000	71.8087
32000000	11000000	54.7091
32000000	12000000	51.9971
32000000	13000000	40.3799
32000000	14000000	39.7619
32000000	15000000	77.4306
32000000	16000000	40.1668
32000000	17000000	49.1307
32000000	18000000	62.3552
32000000	19000000	42.5740
32000000	20000000	74.6416
32000000	21000000	94.4792
32000000	22000000	130.8738
32000000	23000000	93.7910
32000000	24000000	101.9137
32000000	25000000	72.7440
32000000	26000000	86.1816
32000000	27000000	145.3698
32000000	28000000	173.8771
32000000	29000000	189.9395
32000000	30000000	194.2597
32000000	31000000	682.2196
32000000	32000000	3971.3008
32000000	33000000	725.9976
32000000	34000000	156.3888
32000000	35000000	164.3561
32000000	36000000	109.9169
32000000	37000000	72.0509
32000000	38000000	63.3089
32000000	39000000	55.1502
32000000	40000000	33.6678
32000000	41000000	42.0957
32000000	42000000	41.1837
32000000	43000000	38.4886
32000000	44000000	66.1077
32000000	45000000	40.8849
32000000	46000000	35.0143
32000000	47000000	53.7502
32000000	48000000	81.9432
32000000	49000000	74.8802
32000000	50000000	64.2593
32000000	51000000	76.6695
32000000	52000000	68.6861
32000000	53000000	93.1719
32000000	54000000	90.3849
32000000	55000000	74.8946
32000000	56000000	50.5248
32000000	57000000	61.1642
32000000	58000000	32.8129
32000000	59000000	76.6049
32000000	60000000	72.6896
32000000	61000000	80.9946
32000000	62000000	1.2649
33000000	1000000	22.2936
33000000	2000000	39.8849
33000000	3000000	45.5732
33000000	4000000	45.5855
33000000	5000000	47.8766
33000000	6000000	44.9714
33000000	7000000	56.9854
33000000	8000000	40.2238
33000000	9000000	43.1244
33000000	10000000	52.8690
33000000	11000000	54.8476
33000000	12000000	57.2737
33000000	13000000	50.8126
33000000	14000000	51.4894
33000000	15000000	77.7992
33000000	16000000	53.3026
33000000	17000000	57.2318
33000000	18000000	69.5427
33000000	19000000	61.7903
33000000	20000000	82.3653
33000000	21000000	91.5142
33000000	22000000	105.6449
33000000	23000000	113.1373
33000000	24000000	112.6716
33000000	25000000	92.6413
33000000	26000000	95.8041
33000000	27000000	132.6010
33000000	28000000	127.5544
33000000	29000000	137.7143
33000000	30000000	147.0487
33000000	31000000	191.4448
33000000	32000000	725.9976
33000000	33000000	3167.5486
33000000	34000000	713.9418
33000000	35000000	269.9199
33000000	36000000	150.0972
33000000	37000000	104.6279
33000000	38000000	83.4031
33000000	39000000	69.7111
33000000	40000000	49.8930
33000000	41000000	63.1449
33000000	42000000	55.9984
33000000	43000000	64.5063
33000000	44000000	71.8463
33000000	45000000	59.5842
33000000	46000000	50.0112
33000000	47000000	64.5170
33000000	48000000	97.6977
33000000	49000000	95.3909
33000000	50000000	84.4196
33000000	51000000	91.1069
33000000	52000000	73.9249
33000000	53000000	76.4013
33000000	54000000	68.2286
33000000	55000000	70.8113
33000000	56000000	60.5165
33000000	57000000	66.4925
33000000	58000000	50.8109
33000000	59000000	85.4103
33000000	60000000	76.9440
33000000	61000000	73.8412
33000000	62000000	1.0388
34000000	1000000	15.4461
34000000	2000000	43.0224
34000000	3000000	48.2523
34000000	4000000	40.9547
34000000	5000000	44.6182
34000000	6000000	36.4920
34000000	7000000	48.1082
34000000	8000000	36.6561
34000000	9000000	43.1855
34000000	10000000	37.4146
34000000	11000000	67.1560
34000000	12000000	58.0555
34000000	13000000	65.4746
34000000	14000000	62.7434
34000000	15000000	78.1507
34000000	16000000	67.7565
34000000	17000000	57.7412
34000000	18000000	63.6943
34000000	19000000	57.6173
34000000	20000000	76.7966
34000000	21000000	73.0235
34000000	22000000	74.1897
34000000	23000000	121.7038
34000000	24000000	110.1384
34000000	25000000	104.3010
34000000	26000000	104.8444
34000000	27000000	108.7491
34000000	28000000	93.0911
34000000	29000000	109.6965
34000000	30000000	100.8652
34000000	31000000	115.4872
34000000	32000000	156.3888
34000000	33000000	713.9418
34000000	34000000	2416.6606
34000000	35000000	672.8490
34000000	36000000	175.2107
34000000	37000000	133.5346
34000000	38000000	89.6339
34000000	39000000	82.9506
34000000	40000000	60.0254
34000000	41000000	71.1911
34000000	42000000	64.6592
34000000	43000000	74.1193
34000000	44000000	81.3936
34000000	45000000	76.5718
34000000	46000000	67.1801
34000000	47000000	80.2124
34000000	48000000	108.8350
34000000	49000000	105.1882
34000000	50000000	89.4541
34000000	51000000	86.6392
34000000	52000000	89.8625
34000000	53000000	59.9642
34000000	54000000	61.2585
34000000	55000000	58.7162
34000000	56000000	69.1130
34000000	57000000	56.2934
34000000	58000000	62.0604
34000000	59000000	71.9253
34000000	60000000	63.6961
34000000	61000000	64.8741
34000000	62000000	1.9715
35000000	1000000	16.9378
35000000	2000000	41.2635
35000000	3000000	45.9165
35000000	4000000	46.7988
35000000	5000000	45.4954
35000000	6000000	45.3277
35000000	7000000	55.6551
35000000	8000000	32.6561
35000000	9000000	43.2968
35000000	10000000	44.2559
35000000	11000000	61.7674
35000000	12000000	57.4468
35000000	13000000	53.5133
35000000	14000000	45.8283
35000000	15000000	79.1849
35000000	16000000	52.7268
35000000	17000000	55.2261
35000000	18000000	68.7460
35000000	19000000	58.1129
35000000	20000000	83.8373
35000000	21000000	86.9199
35000000	22000000	92.4153
35000000	23000000	101.5850
35000000	24000000	117.5733
35000000	25000000	86.1669
35000000	26000000	91.3507
35000000	27000000	121.3231
35000000	28000000	102.4868
35000000	29000000	111.6028
35000000	30000000	97.9422
35000000	31000000	123.6985
35000000	32000000	164.3561
35000000	33000000	269.9199
35000000	34000000	672.8490
35000000	35000000	3173.4214
35000000	36000000	700.4658
35000000	37000000	171.9240
35000000	38000000	110.6396
35000000	39000000	102.7633
35000000	40000000	62.2440
35000000	41000000	78.7706
35000000	42000000	66.1899
35000000	43000000	70.3110
35000000	44000000	95.5940
35000000	45000000	70.3600
35000000	46000000	58.7564
35000000	47000000	75.1637
35000000	48000000	122.6168
35000000	49000000	90.9454
35000000	50000000	90.9967
35000000	51000000	97.1465
35000000	52000000	79.5264
35000000	53000000	80.5958
35000000	54000000	82.5828
35000000	55000000	77.8990
35000000	56000000	60.1388
35000000	57000000	78.1638
35000000	58000000	54.4460
35000000	59000000	80.0396
35000000	60000000	81.0764
35000000	61000000	81.6514
35000000	62000000	2.7847
36000000	1000000	19.7705
36000000	2000000	41.7345
36000000	3000000	47.8707
36000000	4000000	50.8311
36000000	5000000	53.2293
36000000	6000000	41.9292
36000000	7000000	57.7676
36000000	8000000	39.6373
36000000	9000000	46.3871
36000000	10000000	52.4196
36000000	11000000	65.0875
36000000	12000000	62.2960
36000000	13000000	61.3428
36000000	14000000	65.2059
36000000	15000000	81.2487
36000000	16000000	60.2974
36000000	17000000	65.1572
36000000	18000000	82.6701
36000000	19000000	64.9584
36000000	20000000	81.4090
36000000	21000000	66.1768
36000000	22000000	79.2855
36000000	23000000	82.9776
36000000	24000000	91.5930
36000000	25000000	95.2137
36000000	26000000	101.8361
36000000	27000000	102.9626
36000000	28000000	88.4565
36000000	29000000	96.0994
36000000	30000000	87.3323
36000000	31000000	87.3018
36000000	32000000	109.9169
36000000	33000000	150.0972
36000000	34000000	175.2107
36000000	35000000	700.4658
36000000	36000000	2796.9182
36000000	37000000	624.3574
36000000	38000000	226.6897
36000000	39000000	159.2043
36000000	40000000	103.5496
36000000	41000000	122.1116
36000000	42000000	96.6185
36000000	43000000	100.9836
36000000	44000000	118.0247
36000000	45000000	114.0939
36000000	46000000	96.0789
36000000	47000000	110.1618
36000000	48000000	131.7355
36000000	49000000	107.3382
36000000	50000000	114.7262
36000000	51000000	112.0579
36000000	52000000	85.5541
36000000	53000000	76.9703
36000000	54000000	73.7150
36000000	55000000	85.0023
36000000	56000000	81.7927
36000000	57000000	76.4565
36000000	58000000	68.5712
36000000	59000000	83.4960
36000000	60000000	66.6607
36000000	61000000	64.0759
36000000	62000000	1.3101
37000000	1000000	17.0767
37000000	2000000	37.3192
37000000	3000000	51.5055
37000000	4000000	45.8973
37000000	5000000	49.2279
37000000	6000000	44.7995
37000000	7000000	58.5638
37000000	8000000	48.6702
37000000	9000000	56.0133
37000000	10000000	33.1917
37000000	11000000	65.1402
37000000	12000000	68.2133
37000000	13000000	60.0946
37000000	14000000	56.6274
37000000	15000000	79.9565
37000000	16000000	66.6507
37000000	17000000	70.7593
37000000	18000000	77.8965
37000000	19000000	74.3771
37000000	20000000	72.4600
37000000	21000000	54.6889
37000000	22000000	53.4219
37000000	23000000	82.7617
37000000	24000000	82.9290
37000000	25000000	89.6958
37000000	26000000	107.0530
37000000	27000000	87.5814
37000000	28000000	59.6191
37000000	29000000	62.5656
37000000	30000000	60.6254
37000000	31000000	63.7709
37000000	32000000	72.0509
37000000	33000000	104.6279
37000000	34000000	133.5346
37000000	35000000	171.9240
37000000	36000000	624.3574
37000000	37000000	3070.9514
37000000	38000000	802.2360
37000000	39000000	277.5488
37000000	40000000	141.8767
37000000	41000000	144.9171
37000000	42000000	115.1777
37000000	43000000	123.9999
37000000	44000000	135.4956
37000000	45000000	126.8440
37000000	46000000	116.1053
37000000	47000000	131.7519
37000000	48000000	125.6892
37000000	49000000	128.0116
37000000	50000000	102.0391
37000000	51000000	105.0061
37000000	52000000	84.9221
37000000	53000000	58.3085
37000000	54000000	61.0436
37000000	55000000	76.0613
37000000	56000000	91.3329
37000000	57000000	74.9957
37000000	58000000	64.5110
37000000	59000000	82.2161
37000000	60000000	53.5748
37000000	61000000	67.0591
37000000	62000000	3.0675
38000000	1000000	14.6544
38000000	2000000	39.9059
38000000	3000000	52.4709
38000000	4000000	42.5815
38000000	5000000	48.9304
38000000	6000000	41.7492
38000000	7000000	52.0011
38000000	8000000	45.0988
38000000	9000000	47.7393
38000000	10000000	33.5981
38000000	11000000	55.6700
38000000	12000000	66.9505
38000000	13000000	50.8193
38000000	14000000	51.3470
38000000	15000000	63.1181
38000000	16000000	58.5095
38000000	17000000	70.1675
38000000	18000000	71.7228
38000000	19000000	77.4248
38000000	20000000	71.6059
38000000	21000000	49.6760
38000000	22000000	38.7008
38000000	23000000	66.8085
38000000	24000000	71.4419
38000000	25000000	81.1287
38000000	26000000	85.8041
38000000	27000000	73.4194
38000000	28000000	54.1503
38000000	29000000	60.5821
38000000	30000000	54.4324
38000000	31000000	52.4805
38000000	32000000	63.3089
38000000	33000000	83.4031
38000000	34000000	89.6339
38000000	35000000	110.6396
38000000	36000000	226.6897
38000000	37000000	802.2360
38000000	38000000	3447.4738
38000000	39000000	630.2733
38000000	40000000	206.9080
38000000	41000000	174.5024
38000000	42000000	124.8601
38000000	43000000	132.8569
38000000	44000000	140.8812
38000000	45000000	139.7913
38000000	46000000	123.5439
38000000	47000000	133.2569
38000000	48000000	125.8256
38000000	49000000	108.5752
38000000	50000000	97.6111
38000000	51000000	92.2185
38000000	52000000	87.1915
38000000	53000000	59.0104
38000000	54000000	62.9847
38000000	55000000	84.8301
38000000	56000000	91.6789
38000000	57000000	74.2832
38000000	58000000	61.9416
38000000	59000000	75.5644
38000000	60000000	50.1363
38000000	61000000	65.3553
38000000	62000000	3.1135
39000000	1000000	19.5338
39000000	2000000	38.1233
39000000	3000000	53.0713
39000000	4000000	49.4600
39000000	5000000	47.3311
39000000	6000000	41.0757
39000000	7000000	48.0010
39000000	8000000	39.9857
39000000	9000000	43.1776
39000000	10000000	35.8439
39000000	11000000	52.9275
39000000	12000000	53.3514
39000000	13000000	51.1040
39000000	14000000	47.7822
39000000	15000000	59.9258
39000000	16000000	50.2518
39000000	17000000	57.8236
39000000	18000000	68.9449
39000000	19000000	72.3910
39000000	20000000	62.1524
39000000	21000000	40.1648
39000000	22000000	45.1940
39000000	23000000	61.8556
39000000	24000000	70.5603
39000000	25000000	79.0499
39000000	26000000	79.7146
39000000	27000000	68.7509
39000000	28000000	52.5344
39000000	29000000	55.7358
39000000	30000000	50.6044
39000000	31000000	53.2024
39000000	32000000	55.1502
39000000	33000000	69.7111
39000000	34000000	82.9506
39000000	35000000	102.7633
39000000	36000000	159.2043
39000000	37000000	277.5488
39000000	38000000	630.2733
39000000	39000000	3258.3500
39000000	40000000	627.6738
39000000	41000000	314.3653
39000000	42000000	178.9035
39000000	43000000	166.9358
39000000	44000000	178.7150
39000000	45000000	157.7155
39000000	46000000	110.9380
39000000	47000000	140.7831
39000000	48000000	114.1506
39000000	49000000	107.3146
39000000	50000000	117.8956
39000000	51000000	107.3192
39000000	52000000	96.4443
39000000	53000000	69.3113
39000000	54000000	62.8270
39000000	55000000	87.3249
39000000	56000000	96.8144
39000000	57000000	82.1869
39000000	58000000	78.1349
39000000	59000000	76.7388
39000000	60000000	51.6459
39000000	61000000	66.3939
39000000	62000000	1.5753
40000000	1000000	13.8042
40000000	2000000	28.7436
40000000	3000000	37.0688
40000000	4000000	34.6510
40000000	5000000	40.5791
40000000	6000000	32.1601
40000000	7000000	35.1602
40000000	8000000	30.5444
40000000	9000000	36.8145
40000000	10000000	15.8771
40000000	11000000	43.2916
40000000	12000000	49.1507
40000000	13000000	40.4004
40000000	14000000	38.1002
40000000	15000000	43.2272
40000000	16000000	38.4651
40000000	17000000	48.7045
40000000	18000000	52.3211
40000000	19000000	53.0432
40000000	20000000	41.2003
40000000	21000000	26.6369
40000000	22000000	24.4918
40000000	23000000	49.3643
40000000	24000000	42.7813
40000000	25000000	62.1929
40000000	26000000	56.2731
40000000	27000000	43.5620
40000000	28000000	28.4264
40000000	29000000	40.0187
40000000	30000000	34.3582
40000000	31000000	40.1287
40000000	32000000	33.6678
40000000	33000000	49.8930
40000000	34000000	60.0254
40000000	35000000	62.2440
40000000	36000000	103.5496
40000000	37000000	141.8767
40000000	38000000	206.9080
40000000	39000000	627.6738
40000000	40000000	2353.5249
40000000	41000000	748.6883
40000000	42000000	215.9511
40000000	43000000	160.9238
40000000	44000000	137.7423
40000000	45000000	134.3894
40000000	46000000	114.2580
40000000	47000000	103.7899
40000000	48000000	83.4145
40000000	49000000	86.3708
40000000	50000000	84.3340
40000000	51000000	78.5890
40000000	52000000	70.4713
40000000	53000000	34.8108
40000000	54000000	36.0339
40000000	55000000	64.5510
40000000	56000000	90.1608
40000000	57000000	52.7540
40000000	58000000	65.2919
40000000	59000000	53.8546
40000000	60000000	42.9726
40000000	61000000	61.1461
40000000	62000000	1.0476
41000000	1000000	15.1578
41000000	2000000	30.6644
41000000	3000000	40.7827
41000000	4000000	42.5502
41000000	5000000	40.1556
41000000	6000000	35.4474
41000000	7000000	40.4558
41000000	8000000	29.8243
41000000	9000000	36.9386
41000000	10000000	26.5480
41000000	11000000	48.1535
41000000	12000000	51.3530
41000000	13000000	48.6886
41000000	14000000	40.2970
41000000	15000000	45.1913
41000000	16000000	50.7306
41000000	17000000	50.2974
41000000	18000000	55.8487
41000000	19000000	51.1199
41000000	20000000	57.0149
41000000	21000000	39.4227
41000000	22000000	32.0917
41000000	23000000	55.2579
41000000	24000000	51.0283
41000000	25000000	75.0339
41000000	26000000	74.7190
41000000	27000000	57.1775
41000000	28000000	45.4074
41000000	29000000	46.3673
41000000	30000000	44.5480
41000000	31000000	37.9857
41000000	32000000	42.0957
41000000	33000000	63.1449
41000000	34000000	71.1911
41000000	35000000	78.7706
41000000	36000000	122.1116
41000000	37000000	144.9171
41000000	38000000	174.5024
41000000	39000000	314.3653
41000000	40000000	748.6883
41000000	41000000	2527.0998
41000000	42000000	757.6374
41000000	43000000	291.2347
41000000	44000000	180.0385
41000000	45000000	153.0448
41000000	46000000	132.1004
41000000	47000000	142.2932
41000000	48000000	109.7459
41000000	49000000	109.0612
41000000	50000000	100.8108
41000000	51000000	94.4131
41000000	52000000	87.5407
41000000	53000000	46.6541
41000000	54000000	52.9755
41000000	55000000	86.7823
41000000	56000000	100.3635
41000000	57000000	70.7602
41000000	58000000	70.6224
41000000	59000000	63.5631
41000000	60000000	46.2395
41000000	61000000	61.0571
41000000	62000000	2.5596
42000000	1000000	15.1076
42000000	2000000	27.9603
42000000	3000000	40.4545
42000000	4000000	32.5203
42000000	5000000	41.5653
42000000	6000000	28.6858
42000000	7000000	42.2175
42000000	8000000	40.5643
42000000	9000000	33.7929
42000000	10000000	23.6423
42000000	11000000	45.4742
42000000	12000000	46.2555
42000000	13000000	49.6069
42000000	14000000	44.0908
42000000	15000000	47.2798
42000000	16000000	47.9386
42000000	17000000	47.7540
42000000	18000000	65.7534
42000000	19000000	58.2393
42000000	20000000	43.4476
42000000	21000000	34.1933
42000000	22000000	30.6442
42000000	23000000	51.5364
42000000	24000000	45.2017
42000000	25000000	61.0237
42000000	26000000	62.3688
42000000	27000000	49.7934
42000000	28000000	36.6686
42000000	29000000	49.8593
42000000	30000000	35.4427
42000000	31000000	31.4871
42000000	32000000	41.1837
42000000	33000000	55.9984
42000000	34000000	64.6592
42000000	35000000	66.1899
42000000	36000000	96.6185
42000000	37000000	115.1777
42000000	38000000	124.8601
42000000	39000000	178.9035
42000000	40000000	215.9511
42000000	41000000	757.6374
42000000	42000000	3064.5896
42000000	43000000	750.6748
42000000	44000000	221.8657
42000000	45000000	167.3105
42000000	46000000	127.1235
42000000	47000000	127.3458
42000000	48000000	89.5964
42000000	49000000	85.4330
42000000	50000000	88.0756
42000000	51000000	83.2426
42000000	52000000	79.3382
42000000	53000000	44.2793
42000000	54000000	42.4074
42000000	55000000	66.6752
42000000	56000000	91.7161
42000000	57000000	65.7641
42000000	58000000	74.2571
42000000	59000000	54.9672
42000000	60000000	41.0157
42000000	61000000	63.1860
42000000	62000000	1.8240
43000000	1000000	20.4635
43000000	2000000	30.7940
43000000	3000000	40.2009
43000000	4000000	33.0702
43000000	5000000	36.2728
43000000	6000000	38.7726
43000000	7000000	38.5510
43000000	8000000	29.7934
43000000	9000000	38.4288
43000000	10000000	25.7192
43000000	11000000	38.9450
43000000	12000000	41.2468
43000000	13000000	49.2710
43000000	14000000	48.4050
43000000	15000000	54.3200
43000000	16000000	46.6601
43000000	17000000	47.0963
43000000	18000000	56.5610
43000000	19000000	51.5156
43000000	20000000	48.9184
43000000	21000000	34.2473
43000000	22000000	28.3330
43000000	23000000	51.6865
43000000	24000000	52.2994
43000000	25000000	59.5124
43000000	26000000	71.8966
43000000	27000000	53.3096
43000000	28000000	40.9661
43000000	29000000	45.6484
43000000	30000000	38.6917
43000000	31000000	37.8026
43000000	32000000	38.4886
43000000	33000000	64.5063
43000000	34000000	74.1193
43000000	35000000	70.3110
43000000	36000000	100.9836
43000000	37000000	123.9999
43000000	38000000	132.8569
43000000	39000000	166.9358
43000000	40000000	160.9238
43000000	41000000	291.2347
43000000	42000000	750.6748
43000000	43000000	2330.0572
43000000	44000000	730.0871
43000000	45000000	249.3445
43000000	46000000	150.6968
43000000	47000000	147.7636
43000000	48000000	111.4075
43000000	49000000	96.1087
43000000	50000000	101.8124
43000000	51000000	86.3821
43000000	52000000	91.2523
43000000	53000000	51.9310
43000000	54000000	46.7580
43000000	55000000	84.4580
43000000	56000000	104.1979
43000000	57000000	68.0130
43000000	58000000	77.0745
43000000	59000000	68.1952
43000000	60000000	50.1948
43000000	61000000	62.7764
43000000	62000000	2.9941
44000000	1000000	13.9804
44000000	2000000	34.9840
44000000	3000000	47.8289
44000000	4000000	39.2137
44000000	5000000	42.3315
44000000	6000000	33.3113
44000000	7000000	45.2000
44000000	8000000	37.4110
44000000	9000000	36.6829
44000000	10000000	25.0332
44000000	11000000	48.6201
44000000	12000000	46.1834
44000000	13000000	42.9483
44000000	14000000	45.0905
44000000	15000000	56.7474
44000000	16000000	40.1004
44000000	17000000	48.9153
44000000	18000000	64.8035
44000000	19000000	51.6690
44000000	20000000	54.6226
44000000	21000000	45.0056
44000000	22000000	37.6215
44000000	23000000	62.4217
44000000	24000000	54.0873
44000000	25000000	57.0257
44000000	26000000	66.8149
44000000	27000000	59.3331
44000000	28000000	46.9536
44000000	29000000	60.1515
44000000	30000000	41.6196
44000000	31000000	42.9928
44000000	32000000	66.1077
44000000	33000000	71.8463
44000000	34000000	81.3936
44000000	35000000	95.5940
44000000	36000000	118.0247
44000000	37000000	135.4956
44000000	38000000	140.8812
44000000	39000000	178.7150
44000000	40000000	137.7423
44000000	41000000	180.0385
44000000	42000000	221.8657
44000000	43000000	730.0871
44000000	44000000	3186.8731
44000000	45000000	675.0903
44000000	46000000	234.9909
44000000	47000000	227.5037
44000000	48000000	145.3605
44000000	49000000	129.9951
44000000	50000000	121.3577
44000000	51000000	121.5104
44000000	52000000	91.7804
44000000	53000000	61.6757
44000000	54000000	72.7200
44000000	55000000	106.4618
44000000	56000000	120.5104
44000000	57000000	101.9959
44000000	58000000	89.9935
44000000	59000000	98.4756
44000000	60000000	66.0721
44000000	61000000	74.8470
44000000	62000000	2.2834
45000000	1000000	19.7989
45000000	2000000	36.5568
45000000	3000000	43.2767
45000000	4000000	40.6018
45000000	5000000	40.8434
45000000	6000000	37.6818
45000000	7000000	44.1479
45000000	8000000	33.2253
45000000	9000000	40.9003
45000000	10000000	25.7914
45000000	11000000	45.8106
45000000	12000000	46.7901
45000000	13000000	43.0521
45000000	14000000	44.0662
45000000	15000000	45.0089
45000000	16000000	51.7324
45000000	17000000	50.5777
45000000	18000000	56.9041
45000000	19000000	56.5675
45000000	20000000	45.0894
45000000	21000000	29.5004
45000000	22000000	28.6628
45000000	23000000	53.9380
45000000	24000000	50.9230
45000000	25000000	61.0360
45000000	26000000	66.1996
45000000	27000000	52.6808
45000000	28000000	33.6481
45000000	29000000	47.5895
45000000	30000000	35.9885
45000000	31000000	38.4216
45000000	32000000	40.8849
45000000	33000000	59.5842
45000000	34000000	76.5718
45000000	35000000	70.3600
45000000	36000000	114.0939
45000000	37000000	126.8440
45000000	38000000	139.7913
45000000	39000000	157.7155
45000000	40000000	134.3894
45000000	41000000	153.0448
45000000	42000000	167.3105
45000000	43000000	249.3445
45000000	44000000	675.0903
45000000	45000000	3160.5127
45000000	46000000	646.8261
45000000	47000000	319.1839
45000000	48000000	143.1023
45000000	49000000	134.5770
45000000	50000000	130.0254
45000000	51000000	96.2812
45000000	52000000	86.6299
45000000	53000000	44.7068
45000000	54000000	56.4012
45000000	55000000	85.3673
45000000	56000000	111.9402
45000000	57000000	85.8175
45000000	58000000	102.2573
45000000	59000000	74.2770
45000000	60000000	49.1507
45000000	61000000	71.7858
45000000	62000000	2.0666
46000000	1000000	15.5872
46000000	2000000	35.9237
46000000	3000000	41.9299
46000000	4000000	38.4755
46000000	5000000	41.3480
46000000	6000000	27.6337
46000000	7000000	39.6829
46000000	8000000	38.8765
46000000	9000000	36.7626
46000000	10000000	20.2298
46000000	11000000	42.2515
46000000	12000000	48.2037
46000000	13000000	40.9701
46000000	14000000	40.3848
46000000	15000000	39.2435
46000000	16000000	42.2641
46000000	17000000	47.5279
46000000	18000000	54.4556
46000000	19000000	46.9018
46000000	20000000	40.0859
46000000	21000000	28.3820
46000000	22000000	25.0102
46000000	23000000	44.2846
46000000	24000000	44.5743
46000000	25000000	53.2463
46000000	26000000	49.9759
46000000	27000000	43.2776
46000000	28000000	33.3633
46000000	29000000	41.7084
46000000	30000000	36.3111
46000000	31000000	33.2319
46000000	32000000	35.0143
46000000	33000000	50.0112
46000000	34000000	67.1801
46000000	35000000	58.7564
46000000	36000000	96.0789
46000000	37000000	116.1053
46000000	38000000	123.5439
46000000	39000000	110.9380
46000000	40000000	114.2580
46000000	41000000	132.1004
46000000	42000000	127.1235
46000000	43000000	150.6968
46000000	44000000	234.9909
46000000	45000000	646.8261
46000000	46000000	2733.1291
46000000	47000000	949.1863
46000000	48000000	165.2643
46000000	49000000	131.9158
46000000	50000000	104.2026
46000000	51000000	88.2373
46000000	52000000	94.5245
46000000	53000000	41.4055
46000000	54000000	43.4694
46000000	55000000	75.5344
46000000	56000000	113.5898
46000000	57000000	63.5647
46000000	58000000	95.5346
46000000	59000000	55.9596
46000000	60000000	40.7227
46000000	61000000	59.8767
46000000	62000000	4.3467
47000000	1000000	15.6556
47000000	2000000	36.5854
47000000	3000000	41.1140
47000000	4000000	37.5210
47000000	5000000	38.6684
47000000	6000000	35.3263
47000000	7000000	45.6690
47000000	8000000	34.9688
47000000	9000000	42.2227
47000000	10000000	28.0444
47000000	11000000	50.3093
47000000	12000000	48.3810
47000000	13000000	47.7363
47000000	14000000	42.3422
47000000	15000000	57.1986
47000000	16000000	51.6252
47000000	17000000	42.9015
47000000	18000000	57.3642
47000000	19000000	50.6715
47000000	20000000	45.0495
47000000	21000000	44.1825
47000000	22000000	40.8844
47000000	23000000	55.7053
47000000	24000000	54.2446
47000000	25000000	66.3436
47000000	26000000	71.2187
47000000	27000000	62.0958
47000000	28000000	48.7351
47000000	29000000	54.0387
47000000	30000000	44.2436
47000000	31000000	44.7749
47000000	32000000	53.7502
47000000	33000000	64.5170
47000000	34000000	80.2124
47000000	35000000	75.1637
47000000	36000000	110.1618
47000000	37000000	131.7519
47000000	38000000	133.2569
47000000	39000000	140.7831
47000000	40000000	103.7899
47000000	41000000	142.2932
47000000	42000000	127.3458
47000000	43000000	147.7636
47000000	44000000	227.5037
47000000	45000000	319.1839
47000000	46000000	949.1863
47000000	47000000	2936.8694
47000000	48000000	589.8724
47000000	49000000	194.2806
47000000	50000000	139.3383
47000000	51000000	128.8922
47000000	52000000	104.4212
47000000	53000000	70.8422
47000000	54000000	70.9399
47000000	55000000	104.0601
47000000	56000000	122.6894
47000000	57000000	103.6529
47000000	58000000	98.0549
47000000	59000000	102.5847
47000000	60000000	66.3857
47000000	61000000	81.2724
47000000	62000000	2.0219
48000000	1000000	20.8220
48000000	2000000	34.3912
48000000	3000000	45.1545
48000000	4000000	35.7613
48000000	5000000	33.5415
48000000	6000000	31.9623
48000000	7000000	43.1632
48000000	8000000	31.0965
48000000	9000000	33.2357
48000000	10000000	36.0924
48000000	11000000	56.9896
48000000	12000000	46.1220
48000000	13000000	39.4183
48000000	14000000	41.1155
48000000	15000000	66.8860
48000000	16000000	48.5849
48000000	17000000	47.5202
48000000	18000000	57.5045
48000000	19000000	39.8608
48000000	20000000	55.4611
48000000	21000000	55.4012
48000000	22000000	51.9008
48000000	23000000	69.2642
48000000	24000000	77.7510
48000000	25000000	70.3305
48000000	26000000	69.5696
48000000	27000000	74.7480
48000000	28000000	70.1456
48000000	29000000	70.2814
48000000	30000000	64.6811
48000000	31000000	67.2290
48000000	32000000	81.9432
48000000	33000000	97.6977
48000000	34000000	108.8350
48000000	35000000	122.6168
48000000	36000000	131.7355
48000000	37000000	125.6892
48000000	38000000	125.8256
48000000	39000000	114.1506
48000000	40000000	83.4145
48000000	41000000	109.7459
48000000	42000000	89.5964
48000000	43000000	111.4075
48000000	44000000	145.3605
48000000	45000000	143.1023
48000000	46000000	165.2643
48000000	47000000	589.8724
48000000	48000000	3017.5699
48000000	49000000	739.1589
48000000	50000000	256.4746
48000000	51000000	212.8458
48000000	52000000	140.3378
48000000	53000000	106.2339
48000000	54000000	99.3027
48000000	55000000	134.0632
48000000	56000000	108.7333
48000000	57000000	122.5007
48000000	58000000	106.7586
48000000	59000000	132.3257
48000000	60000000	104.8202
48000000	61000000	108.4905
48000000	62000000	2.7735
49000000	1000000	17.8026
49000000	2000000	33.2759
49000000	3000000	39.6682
49000000	4000000	32.7140
49000000	5000000	32.3645
49000000	6000000	32.0185
49000000	7000000	44.1778
49000000	8000000	31.1985
49000000	9000000	32.9580
49000000	10000000	36.4271
49000000	11000000	39.0408
49000000	12000000	48.5435
49000000	13000000	42.8332
49000000	14000000	39.0317
49000000	15000000	55.3817
49000000	16000000	42.9947
49000000	17000000	42.6143
49000000	18000000	51.9600
49000000	19000000	43.6058
49000000	20000000	53.6694
49000000	21000000	57.9441
49000000	22000000	50.8440
49000000	23000000	74.9792
49000000	24000000	60.9691
49000000	25000000	64.8994
49000000	26000000	73.5595
49000000	27000000	69.7150
49000000	28000000	63.1389
49000000	29000000	66.9477
49000000	30000000	65.8779
49000000	31000000	63.3963
49000000	32000000	74.8802
49000000	33000000	95.3909
49000000	34000000	105.1882
49000000	35000000	90.9454
49000000	36000000	107.3382
49000000	37000000	128.0116
49000000	38000000	108.5752
49000000	39000000	107.3146
49000000	40000000	86.3708
49000000	41000000	109.0612
49000000	42000000	85.4330
49000000	43000000	96.1087
49000000	44000000	129.9951
49000000	45000000	134.5770
49000000	46000000	131.9158
49000000	47000000	194.2806
49000000	48000000	739.1589
49000000	49000000	2793.0322
49000000	50000000	860.4129
49000000	51000000	324.4667
49000000	52000000	166.0388
49000000	53000000	100.2392
49000000	54000000	85.6258
49000000	55000000	117.5942
49000000	56000000	125.0005
49000000	57000000	115.0588
49000000	58000000	100.6047
49000000	59000000	116.4111
49000000	60000000	93.0259
49000000	61000000	97.7623
49000000	62000000	3.7840
50000000	1000000	12.5440
50000000	2000000	31.7866
50000000	3000000	36.9267
50000000	4000000	36.9924
50000000	5000000	40.3752
50000000	6000000	42.1267
50000000	7000000	47.1739
50000000	8000000	36.9472
50000000	9000000	34.4625
50000000	10000000	26.2882
50000000	11000000	44.0788
50000000	12000000	45.7758
50000000	13000000	43.1819
50000000	14000000	47.9248
50000000	15000000	55.3875
50000000	16000000	49.7133
50000000	17000000	44.3620
50000000	18000000	53.6708
50000000	19000000	45.1901
50000000	20000000	55.6540
50000000	21000000	43.5626
50000000	22000000	47.9816
50000000	23000000	80.1496
50000000	24000000	71.0249
50000000	25000000	67.9763
50000000	26000000	66.8424
50000000	27000000	62.6429
50000000	28000000	47.5072
50000000	29000000	66.6296
50000000	30000000	58.6384
50000000	31000000	63.4620
50000000	32000000	64.2593
50000000	33000000	84.4196
50000000	34000000	89.4541
50000000	35000000	90.9967
50000000	36000000	114.7262
50000000	37000000	102.0391
50000000	38000000	97.6111
50000000	39000000	117.8956
50000000	40000000	84.3340
50000000	41000000	100.8108
50000000	42000000	88.0756
50000000	43000000	101.8124
50000000	44000000	121.3577
50000000	45000000	130.0254
50000000	46000000	104.2026
50000000	47000000	139.3383
50000000	48000000	256.4746
50000000	49000000	860.4129
50000000	50000000	2762.2729
50000000	51000000	711.8656
50000000	52000000	223.6653
50000000	53000000	103.1981
50000000	54000000	81.9508
50000000	55000000	116.1200
50000000	56000000	124.6883
50000000	57000000	103.2468
50000000	58000000	111.4228
50000000	59000000	106.3210
50000000	60000000	80.4127
50000000	61000000	95.6923
50000000	62000000	2.2890
51000000	1000000	17.0587
51000000	2000000	31.1407
51000000	3000000	40.8979
51000000	4000000	36.1215
51000000	5000000	35.1383
51000000	6000000	28.0379
51000000	7000000	36.3796
51000000	8000000	30.6458
51000000	9000000	31.3930
51000000	10000000	35.0167
51000000	11000000	46.7618
51000000	12000000	44.1941
51000000	13000000	38.0225
51000000	14000000	32.8171
51000000	15000000	57.3722
51000000	16000000	42.4457
51000000	17000000	39.0213
51000000	18000000	51.0706
51000000	19000000	39.4196
51000000	20000000	57.6020
51000000	21000000	50.8555
51000000	22000000	52.9219
51000000	23000000	72.4673
51000000	24000000	62.4145
51000000	25000000	62.3426
51000000	26000000	58.6096
51000000	27000000	61.2842
51000000	28000000	50.8282
51000000	29000000	69.5949
51000000	30000000	61.6412
51000000	31000000	61.7387
51000000	32000000	76.6695
51000000	33000000	91.1069
51000000	34000000	86.6392
51000000	35000000	97.1465
51000000	36000000	112.0579
51000000	37000000	105.0061
51000000	38000000	92.2185
51000000	39000000	107.3192
51000000	40000000	78.5890
51000000	41000000	94.4131
51000000	42000000	83.2426
51000000	43000000	86.3821
51000000	44000000	121.5104
51000000	45000000	96.2812
51000000	46000000	88.2373
51000000	47000000	128.8922
51000000	48000000	212.8458
51000000	49000000	324.4667
51000000	50000000	711.8656
51000000	51000000	2826.9681
51000000	52000000	662.4842
51000000	53000000	201.8051
51000000	54000000	114.6296
51000000	55000000	128.4915
51000000	56000000	125.5397
51000000	57000000	123.1815
51000000	58000000	96.6244
51000000	59000000	127.0141
51000000	60000000	105.3619
51000000	61000000	115.4559
51000000	62000000	3.7251
52000000	1000000	13.8576
52000000	2000000	27.2635
52000000	3000000	37.2753
52000000	4000000	34.7568
52000000	5000000	34.9817
52000000	6000000	32.5123
52000000	7000000	37.7656
52000000	8000000	29.7190
52000000	9000000	32.1169
52000000	10000000	28.3765
52000000	11000000	41.2338
52000000	12000000	38.8981
52000000	13000000	36.2944
52000000	14000000	37.0931
52000000	15000000	48.5061
52000000	16000000	41.3841
52000000	17000000	40.3591
52000000	18000000	46.3952
52000000	19000000	37.0330
52000000	20000000	46.8444
52000000	21000000	38.4118
52000000	22000000	43.6314
52000000	23000000	65.4547
52000000	24000000	57.5574
52000000	25000000	56.3071
52000000	26000000	57.8778
52000000	27000000	57.7558
52000000	28000000	45.8360
52000000	29000000	58.1026
52000000	30000000	57.7568
52000000	31000000	56.0313
52000000	32000000	68.6861
52000000	33000000	73.9249
52000000	34000000	89.8625
52000000	35000000	79.5264
52000000	36000000	85.5541
52000000	37000000	84.9221
52000000	38000000	87.1915
52000000	39000000	96.4443
52000000	40000000	70.4713
52000000	41000000	87.5407
52000000	42000000	79.3382
52000000	43000000	91.2523
52000000	44000000	91.7804
52000000	45000000	86.6299
52000000	46000000	94.5245
52000000	47000000	104.4212
52000000	48000000	140.3378
52000000	49000000	166.0388
52000000	50000000	223.6653
52000000	51000000	662.4842
52000000	52000000	2832.1987
52000000	53000000	550.9067
52000000	54000000	140.3693
52000000	55000000	137.6151
52000000	56000000	126.3376
52000000	57000000	100.7534
52000000	58000000	104.8646
52000000	59000000	107.1570
52000000	60000000	92.4613
52000000	61000000	100.7279
52000000	62000000	3.2984
53000000	1000000	11.6484
53000000	2000000	20.8224
53000000	3000000	32.1912
53000000	4000000	28.4396
53000000	5000000	23.0838
53000000	6000000	19.6744
53000000	7000000	34.2258
53000000	8000000	26.4387
53000000	9000000	23.5063
53000000	10000000	40.3333
53000000	11000000	40.0045
53000000	12000000	29.9477
53000000	13000000	27.4200
53000000	14000000	29.3868
53000000	15000000	46.8764
53000000	16000000	29.5965
53000000	17000000	27.9868
53000000	18000000	33.7001
53000000	19000000	32.2085
53000000	20000000	35.4138
53000000	21000000	46.4850
53000000	22000000	61.3550
53000000	23000000	53.5027
53000000	24000000	54.0519
53000000	25000000	41.3629
53000000	26000000	48.9452
53000000	27000000	67.3480
53000000	28000000	62.7860
53000000	29000000	73.4369
53000000	30000000	57.8004
53000000	31000000	67.9541
53000000	32000000	93.1719
53000000	33000000	76.4013
53000000	34000000	59.9642
53000000	35000000	80.5958
53000000	36000000	76.9703
53000000	37000000	58.3085
53000000	38000000	59.0104
53000000	39000000	69.3113
53000000	40000000	34.8108
53000000	41000000	46.6541
53000000	42000000	44.2793
53000000	43000000	51.9310
53000000	44000000	61.6757
53000000	45000000	44.7068
53000000	46000000	41.4055
53000000	47000000	70.8422
53000000	48000000	106.2339
53000000	49000000	100.2392
53000000	50000000	103.1981
53000000	51000000	201.8051
53000000	52000000	550.9067
53000000	53000000	2921.0733
53000000	54000000	552.5611
53000000	55000000	178.5676
53000000	56000000	80.8123
53000000	57000000	98.2957
53000000	58000000	55.3574
53000000	59000000	121.5321
53000000	60000000	125.6075
53000000	61000000	99.3414
53000000	62000000	2.4753
54000000	1000000	14.5937
54000000	2000000	28.0366
54000000	3000000	36.3896
54000000	4000000	24.0288
54000000	5000000	24.5790
54000000	6000000	21.3089
54000000	7000000	31.3592
54000000	8000000	20.2001
54000000	9000000	22.0480
54000000	10000000	43.5439
54000000	11000000	37.5048
54000000	12000000	32.2850
54000000	13000000	28.2872
54000000	14000000	29.1178
54000000	15000000	37.7393
54000000	16000000	32.2464
54000000	17000000	27.4257
54000000	18000000	38.4185
54000000	19000000	24.3769
54000000	20000000	34.2766
54000000	21000000	37.6500
54000000	22000000	59.3528
54000000	23000000	47.8635
54000000	24000000	48.8198
54000000	25000000	42.3450
54000000	26000000	42.3788
54000000	27000000	64.2945
54000000	28000000	64.3517
54000000	29000000	70.8189
54000000	30000000	52.2739
54000000	31000000	60.0692
54000000	32000000	90.3849
54000000	33000000	68.2286
54000000	34000000	61.2585
54000000	35000000	82.5828
54000000	36000000	73.7150
54000000	37000000	61.0436
54000000	38000000	62.9847
54000000	39000000	62.8270
54000000	40000000	36.0339
54000000	41000000	52.9755
54000000	42000000	42.4074
54000000	43000000	46.7580
54000000	44000000	72.7200
54000000	45000000	56.4012
54000000	46000000	43.4694
54000000	47000000	70.9399
54000000	48000000	99.3027
54000000	49000000	85.6258
54000000	50000000	81.9508
54000000	51000000	114.6296
54000000	52000000	140.3693
54000000	53000000	552.5611
54000000	54000000	3133.2176
54000000	55000000	627.0414
54000000	56000000	125.7937
54000000	57000000	126.8324
54000000	58000000	69.7358
54000000	59000000	141.2093
54000000	60000000	111.5481
54000000	61000000	99.4415
54000000	62000000	3.0637
55000000	1000000	11.6578
55000000	2000000	25.3362
55000000	3000000	33.7323
55000000	4000000	32.5420
55000000	5000000	28.9585
55000000	6000000	29.1468
55000000	7000000	31.3466
55000000	8000000	28.2038
55000000	9000000	29.7489
55000000	10000000	32.7269
55000000	11000000	37.6940
55000000	12000000	35.7329
55000000	13000000	26.2057
55000000	14000000	26.7576
55000000	15000000	42.0773
55000000	16000000	31.5307
55000000	17000000	31.4550
55000000	18000000	36.6376
55000000	19000000	35.2302
55000000	20000000	40.2681
55000000	21000000	43.8929
55000000	22000000	48.5071
55000000	23000000	47.8176
55000000	24000000	49.5240
55000000	25000000	47.7488
55000000	26000000	48.8549
55000000	27000000	58.8399
55000000	28000000	60.8983
55000000	29000000	62.9124
55000000	30000000	47.8401
55000000	31000000	51.0896
55000000	32000000	74.8946
55000000	33000000	70.8113
55000000	34000000	58.7162
55000000	35000000	77.8990
55000000	36000000	85.0023
55000000	37000000	76.0613
55000000	38000000	84.8301
55000000	39000000	87.3249
55000000	40000000	64.5510
55000000	41000000	86.7823
55000000	42000000	66.6752
55000000	43000000	84.4580
55000000	44000000	106.4618
55000000	45000000	85.3673
55000000	46000000	75.5344
55000000	47000000	104.0601
55000000	48000000	134.0632
55000000	49000000	117.5942
55000000	50000000	116.1200
55000000	51000000	128.4915
55000000	52000000	137.6151
55000000	53000000	178.5676
55000000	54000000	627.0414
55000000	55000000	3194.7138
55000000	56000000	753.2415
55000000	57000000	274.8225
55000000	58000000	132.9124
55000000	59000000	165.9925
55000000	60000000	110.5287
55000000	61000000	105.1717
55000000	62000000	1.7731
56000000	1000000	13.3126
56000000	2000000	33.4684
56000000	3000000	40.1107
56000000	4000000	32.7083
56000000	5000000	33.9909
56000000	6000000	26.3869
56000000	7000000	34.8644
56000000	8000000	30.6110
56000000	9000000	29.6502
56000000	10000000	25.7014
56000000	11000000	38.9171
56000000	12000000	39.8482
56000000	13000000	33.1744
56000000	14000000	35.5332
56000000	15000000	36.9750
56000000	16000000	35.1286
56000000	17000000	38.5510
56000000	18000000	33.9434
56000000	19000000	32.6025
56000000	20000000	34.2172
56000000	21000000	38.8442
56000000	22000000	36.2117
56000000	23000000	54.7801
56000000	24000000	43.0774
56000000	25000000	49.7443
56000000	26000000	48.1994
56000000	27000000	57.3915
56000000	28000000	40.4307
56000000	29000000	49.7526
56000000	30000000	43.8880
56000000	31000000	46.2523
56000000	32000000	50.5248
56000000	33000000	60.5165
56000000	34000000	69.1130
56000000	35000000	60.1388
56000000	36000000	81.7927
56000000	37000000	91.3329
56000000	38000000	91.6789
56000000	39000000	96.8144
56000000	40000000	90.1608
56000000	41000000	100.3635
56000000	42000000	91.7161
56000000	43000000	104.1979
56000000	44000000	120.5104
56000000	45000000	111.9402
56000000	46000000	113.5898
56000000	47000000	122.6894
56000000	48000000	108.7333
56000000	49000000	125.0005
56000000	50000000	124.6883
56000000	51000000	125.5397
56000000	52000000	126.3376
56000000	53000000	80.8123
56000000	54000000	125.7937
56000000	55000000	753.2415
56000000	56000000	2701.6119
56000000	57000000	599.4762
56000000	58000000	219.4608
56000000	59000000	154.2636
56000000	60000000	90.9268
56000000	61000000	98.3959
56000000	62000000	3.7838
57000000	1000000	11.1430
57000000	2000000	26.8365
57000000	3000000	29.6515
57000000	4000000	26.2709
57000000	5000000	29.4333
57000000	6000000	23.3479
57000000	7000000	29.1883
57000000	8000000	26.0013
57000000	9000000	30.3013
57000000	10000000	24.5090
57000000	11000000	34.4492
57000000	12000000	26.6344
57000000	13000000	31.0682
57000000	14000000	32.6617
57000000	15000000	40.5526
57000000	16000000	32.3734
57000000	17000000	29.1135
57000000	18000000	37.2547
57000000	19000000	29.5431
57000000	20000000	37.3484
57000000	21000000	34.6549
57000000	22000000	45.0367
57000000	23000000	41.9980
57000000	24000000	42.5415
57000000	25000000	39.6923
57000000	26000000	40.5994
57000000	27000000	52.4656
57000000	28000000	45.4825
57000000	29000000	52.8324
57000000	30000000	52.5542
57000000	31000000	49.7683
57000000	32000000	61.1642
57000000	33000000	66.4925
57000000	34000000	56.2934
57000000	35000000	78.1638
57000000	36000000	76.4565
57000000	37000000	74.9957
57000000	38000000	74.2832
57000000	39000000	82.1869
57000000	40000000	52.7540
57000000	41000000	70.7602
57000000	42000000	65.7641
57000000	43000000	68.0130
57000000	44000000	101.9959
57000000	45000000	85.8175
57000000	46000000	63.5647
57000000	47000000	103.6529
57000000	48000000	122.5007
57000000	49000000	115.0588
57000000	50000000	103.2468
57000000	51000000	123.1815
57000000	52000000	100.7534
57000000	53000000	98.2957
57000000	54000000	126.8324
57000000	55000000	274.8225
57000000	56000000	599.4762
57000000	57000000	2751.6398
57000000	58000000	598.8597
57000000	59000000	334.3299
57000000	60000000	150.5185
57000000	61000000	120.6327
57000000	62000000	1.8838
58000000	1000000	12.4319
58000000	2000000	23.8602
58000000	3000000	25.4732
58000000	4000000	26.5177
58000000	5000000	23.0000
58000000	6000000	23.5500
58000000	7000000	27.0888
58000000	8000000	22.4486
58000000	9000000	24.6584
58000000	10000000	20.4402
58000000	11000000	27.9248
58000000	12000000	24.2759
58000000	13000000	29.0988
58000000	14000000	32.6711
58000000	15000000	32.5703
58000000	16000000	30.6084
58000000	17000000	25.1379
58000000	18000000	31.7855
58000000	19000000	31.4936
58000000	20000000	25.5604
58000000	21000000	23.7669
58000000	22000000	27.5894
58000000	23000000	41.7237
58000000	24000000	40.9987
58000000	25000000	40.1550
58000000	26000000	38.9135
58000000	27000000	37.2302
58000000	28000000	30.3510
58000000	29000000	37.1305
58000000	30000000	37.0070
58000000	31000000	32.5877
58000000	32000000	32.8129
58000000	33000000	50.8109
58000000	34000000	62.0604
58000000	35000000	54.4460
58000000	36000000	68.5712
58000000	37000000	64.5110
58000000	38000000	61.9416
58000000	39000000	78.1349
58000000	40000000	65.2919
58000000	41000000	70.6224
58000000	42000000	74.2571
58000000	43000000	77.0745
58000000	44000000	89.9935
58000000	45000000	102.2573
58000000	46000000	95.5346
58000000	47000000	98.0549
58000000	48000000	106.7586
58000000	49000000	100.6047
58000000	50000000	111.4228
58000000	51000000	96.6244
58000000	52000000	104.8646
58000000	53000000	55.3574
58000000	54000000	69.7358
58000000	55000000	132.9124
58000000	56000000	219.4608
58000000	57000000	598.8597
58000000	58000000	2115.1425
58000000	59000000	545.7198
58000000	60000000	107.6442
58000000	61000000	119.6854
58000000	62000000	3.2157
59000000	1000000	14.9533
59000000	2000000	29.9142
59000000	3000000	32.4515
59000000	4000000	25.3144
59000000	5000000	28.3346
59000000	6000000	28.0306
59000000	7000000	37.3234
59000000	8000000	29.2270
59000000	9000000	24.0436
59000000	10000000	32.5657
59000000	11000000	36.7111
59000000	12000000	36.7287
59000000	13000000	31.2560
59000000	14000000	32.9211
59000000	15000000	44.6285
59000000	16000000	30.7045
59000000	17000000	29.8952
59000000	18000000	40.2310
59000000	19000000	35.3203
59000000	20000000	40.6953
59000000	21000000	45.6681
59000000	22000000	51.4853
59000000	23000000	55.1638
59000000	24000000	48.8017
59000000	25000000	41.7801
59000000	26000000	47.0692
59000000	27000000	64.9826
59000000	28000000	62.6176
59000000	29000000	66.2319
59000000	30000000	57.7043
59000000	31000000	58.7828
59000000	32000000	76.6049
59000000	33000000	85.4103
59000000	34000000	71.9253
59000000	35000000	80.0396
59000000	36000000	83.4960
59000000	37000000	82.2161
59000000	38000000	75.5644
59000000	39000000	76.7388
59000000	40000000	53.8546
59000000	41000000	63.5631
59000000	42000000	54.9672
59000000	43000000	68.1952
59000000	44000000	98.4756
59000000	45000000	74.2770
59000000	46000000	55.9596
59000000	47000000	102.5847
59000000	48000000	132.3257
59000000	49000000	116.4111
59000000	50000000	106.3210
59000000	51000000	127.0141
59000000	52000000	107.1570
59000000	53000000	121.5321
59000000	54000000	141.2093
59000000	55000000	165.9925
59000000	56000000	154.2636
59000000	57000000	334.3299
59000000	58000000	545.7198
59000000	59000000	3590.9298
59000000	60000000	649.3494
59000000	61000000	230.4457
59000000	62000000	3.9699
60000000	1000000	10.9789
60000000	2000000	22.5232
60000000	3000000	26.4912
60000000	4000000	19.6276
60000000	5000000	25.2604
60000000	6000000	23.1653
60000000	7000000	31.3991
60000000	8000000	22.9594
60000000	9000000	31.2013
60000000	10000000	28.3399
60000000	11000000	29.2294
60000000	12000000	30.3375
60000000	13000000	24.9420
60000000	14000000	28.7937
60000000	15000000	35.1407
60000000	16000000	26.8890
60000000	17000000	26.5032
60000000	18000000	30.7640
60000000	19000000	23.6574
60000000	20000000	39.3873
60000000	21000000	42.6878
60000000	22000000	56.7573
60000000	23000000	48.2811
60000000	24000000	48.6308
60000000	25000000	36.4393
60000000	26000000	42.3919
60000000	27000000	60.5662
60000000	28000000	57.3715
60000000	29000000	69.6829
60000000	30000000	55.3576
60000000	31000000	73.5840
60000000	32000000	72.6896
60000000	33000000	76.9440
60000000	34000000	63.6961
60000000	35000000	81.0764
60000000	36000000	66.6607
60000000	37000000	53.5748
60000000	38000000	50.1363
60000000	39000000	51.6459
60000000	40000000	42.9726
60000000	41000000	46.2395
60000000	42000000	41.0157
60000000	43000000	50.1948
60000000	44000000	66.0721
60000000	45000000	49.1507
60000000	46000000	40.7227
60000000	47000000	66.3857
60000000	48000000	104.8202
60000000	49000000	93.0259
60000000	50000000	80.4127
60000000	51000000	105.3619
60000000	52000000	92.4613
60000000	53000000	125.6075
60000000	54000000	111.5481
60000000	55000000	110.5287
60000000	56000000	90.9268
60000000	57000000	150.5185
60000000	58000000	107.6442
60000000	59000000	649.3494
60000000	60000000	3306.4943
60000000	61000000	736.4216
60000000	62000000	5.9830
61000000	1000000	14.5727
61000000	2000000	33.4851
61000000	3000000	36.9734
61000000	4000000	33.9819
61000000	5000000	33.1393
61000000	6000000	31.0298
61000000	7000000	36.2880
61000000	8000000	31.4663
61000000	9000000	27.9988
61000000	10000000	31.0077
61000000	11000000	35.4962
61000000	12000000	38.0149
61000000	13000000	35.4265
61000000	14000000	31.4147
61000000	15000000	40.5782
61000000	16000000	33.8066
61000000	17000000	30.4526
61000000	18000000	44.5703
61000000	19000000	38.6133
61000000	20000000	41.2047
61000000	21000000	42.4824
61000000	22000000	52.5488
61000000	23000000	62.8525
61000000	24000000	57.2684
61000000	25000000	52.3125
61000000	26000000	50.2477
61000000	27000000	60.7953
61000000	28000000	57.6263
61000000	29000000	68.6949
61000000	30000000	70.1773
61000000	31000000	65.4812
61000000	32000000	80.9946
61000000	33000000	73.8412
61000000	34000000	64.8741
61000000	35000000	81.6514
61000000	36000000	64.0759
61000000	37000000	67.0591
61000000	38000000	65.3553
61000000	39000000	66.3939
61000000	40000000	61.1461
61000000	41000000	61.0571
61000000	42000000	63.1860
61000000	43000000	62.7764
61000000	44000000	74.8470
61000000	45000000	71.7858
61000000	46000000	59.8767
61000000	47000000	81.2724
61000000	48000000	108.4905
61000000	49000000	97.7623
61000000	50000000	95.6923
61000000	51000000	115.4559
61000000	52000000	100.7279
61000000	53000000	99.3414
61000000	54000000	99.4415
61000000	55000000	105.1717
61000000	56000000	98.3959
61000000	57000000	120.6327
61000000	58000000	119.6854
61000000	59000000	230.4457
61000000	60000000	736.4216
61000000	61000000	3116.3658
61000000	62000000	54.6625
62000000	1000000	0.5733
62000000	2000000	0.8390
62000000	3000000	0.7888
62000000	4000000	0.5195
62000000	5000000	0.5418
62000000	6000000	2.0766
62000000	7000000	2.0975
62000000	8000000	1.6091
62000000	9000000	0.2691
62000000	10000000	0.2781
62000000	11000000	1.0419
62000000	12000000	1.7873
62000000	13000000	1.0447
62000000	14000000	1.4951
62000000	15000000	0.7839
62000000	16000000	0.7868
62000000	17000000	2.0138
62000000	18000000	1.3563
62000000	19000000	1.1263
62000000	20000000	1.9667
62000000	22000000	1.2298
62000000	23000000	1.4793
62000000	24000000	1.6982
62000000	25000000	1.0117
62000000	26000000	1.7626
62000000	27000000	3.1002
62000000	28000000	2.7490
62000000	29000000	1.4767
62000000	30000000	2.2381
62000000	31000000	1.2933
62000000	32000000	1.2649
62000000	33000000	1.0388
62000000	34000000	1.9715
62000000	35000000	2.7847
62000000	36000000	1.3101
62000000	37000000	3.0675
62000000	38000000	3.1135
62000000	39000000	1.5753
62000000	40000000	1.0476
62000000	41000000	2.5596
62000000	42000000	1.8240
62000000	43000000	2.9941
62000000	44000000	2.2834
62000000	45000000	2.0666
62000000	46000000	4.3467
62000000	47000000	2.0219
62000000	48000000	2.7735
62000000	49000000	3.7840
62000000	50000000	2.2890
62000000	51000000	3.7251
62000000	52000000	3.2984
62000000	53000000	2.4753
62000000	54000000	3.0637
62000000	55000000	1.7731
62000000	56000000	3.7838
62000000	57000000	1.8838
62000000	58000000	3.2157
62000000	59000000	3.9699
62000000	60000000	5.9830
62000000	61000000	54.6625
62000000	62000000	14.7039
