1000000	1000000	1086.5098
1000000	2000000	441.4458
1000000	3000000	204.0830
1000000	4000000	122.9901
1000000	5000000	93.3044
1000000	6000000	173.5185
1000000	7000000	66.9805
1000000	8000000	62.9039
1000000	9000000	57.5538
1000000	10000000	56.9441
1000000	11000000	69.1072
1000000	12000000	52.8528
1000000	13000000	50.2168
1000000	14000000	50.3202
1000000	15000000	57.2411
1000000	16000000	60.5067
1000000	17000000	47.7451
1000000	18000000	41.0936
1000000	19000000	32.1735
1000000	20000000	40.2537
1000000	21000000	34.7670
1000000	22000000	27.8908
1000000	23000000	30.6633
1000000	24000000	29.5618
1000000	25000000	32.4895
1000000	26000000	23.9452
1000000	27000000	29.1541
1000000	28000000	20.1137
1000000	29000000	26.9285
1000000	30000000	24.0942
1000000	31000000	31.5554
1000000	32000000	18.2314
1000000	33000000	20.4841
1000000	34000000	18.5198
1000000	35000000	17.6115
1000000	36000000	18.9276
1000000	37000000	30.6266
1000000	38000000	16.0874
1000000	39000000	19.2956
1000000	40000000	15.6635
1000000	41000000	12.7737
1000000	42000000	20.9787
1000000	43000000	17.3817
1000000	44000000	16.3131
1000000	45000000	15.8190
1000000	46000000	10.5780
1000000	47000000	14.7459
1000000	48000000	13.5718
1000000	49000000	20.6994
1000000	50000000	24.4615
1000000	51000000	12.2102
1000000	52000000	17.7524
1000000	53000000	13.8596
1000000	54000000	12.9064
1000000	55000000	13.2503
1000000	56000000	15.8126
1000000	57000000	17.8940
1000000	58000000	13.7599
1000000	59000000	11.6160
1000000	60000000	2.4035
2000000	1000000	441.4458
2000000	2000000	3467.8869
2000000	3000000	1113.9473
2000000	4000000	286.8585
2000000	5000000	145.9315
2000000	6000000	257.6261
2000000	7000000	123.0272
2000000	8000000	107.1922
2000000	9000000	112.9444
2000000	10000000	105.9180
2000000	11000000	117.5825
2000000	12000000	103.4345
2000000	13000000	79.1078
2000000	14000000	92.8238
2000000	15000000	78.5015
2000000	16000000	111.2213
2000000	17000000	83.9153
2000000	18000000	77.1173
2000000	19000000	72.4910
2000000	20000000	73.2528
2000000	21000000	56.0729
2000000	22000000	58.6695
2000000	23000000	52.4133
2000000	24000000	53.7755
2000000	25000000	49.7354
2000000	26000000	50.8644
2000000	27000000	41.8286
2000000	28000000	39.7760
2000000	29000000	46.6940
2000000	30000000	50.4291
2000000	31000000	69.3814
2000000	32000000	47.2748
2000000	33000000	40.8046
2000000	34000000	35.0767
2000000	35000000	36.1177
2000000	36000000	38.9491
2000000	37000000	63.5159
2000000	38000000	39.0258
2000000	39000000	40.8384
2000000	40000000	42.2638
2000000	41000000	39.2406
2000000	42000000	40.3280
2000000	43000000	37.9513
2000000	44000000	31.0681
2000000	45000000	36.7443
2000000	46000000	33.4889
2000000	47000000	40.9172
2000000	48000000	39.8651
2000000	49000000	38.1994
2000000	50000000	37.4383
2000000	51000000	34.9342
2000000	52000000	26.4849
2000000	53000000	30.6011
2000000	54000000	34.4983
2000000	55000000	37.8027
2000000	56000000	31.2265
2000000	57000000	39.8608
2000000	58000000	29.2075
2000000	59000000	32.3854
2000000	60000000	5.8166
3000000	1000000	204.0830
3000000	2000000	1113.9473
3000000	3000000	2423.0681
3000000	4000000	860.7608
3000000	5000000	247.9680
3000000	6000000	276.7293
3000000	7000000	130.3765
3000000	8000000	118.4895
3000000	9000000	106.4374
3000000	10000000	89.6735
3000000	11000000	95.5761
3000000	12000000	108.0343
3000000	13000000	93.8546
3000000	14000000	92.8694
3000000	15000000	99.7625
3000000	16000000	113.1885
3000000	17000000	80.3592
3000000	18000000	77.3441
3000000	19000000	68.2685
3000000	20000000	71.3880
3000000	21000000	55.1885
3000000	22000000	54.8382
3000000	23000000	51.9926
3000000	24000000	49.6157
3000000	25000000	51.8107
3000000	26000000	42.1250
3000000	27000000	43.5829
3000000	28000000	38.1945
3000000	29000000	37.0976
3000000	30000000	50.3888
3000000	31000000	62.6170
3000000	32000000	43.0608
3000000	33000000	40.1608
3000000	34000000	37.7761
3000000	35000000	34.2842
3000000	36000000	33.8739
3000000	37000000	54.6183
3000000	38000000	40.2082
3000000	39000000	35.3556
3000000	40000000	40.8557
3000000	41000000	31.9932
3000000	42000000	40.4916
3000000	43000000	32.2429
3000000	44000000	33.3374
3000000	45000000	37.6576
3000000	46000000	21.4068
3000000	47000000	34.3140
3000000	48000000	34.2903
3000000	49000000	29.3347
3000000	50000000	34.2090
3000000	51000000	31.9182
3000000	52000000	33.9821
3000000	53000000	24.7530
3000000	54000000	32.1542
3000000	55000000	32.4950
3000000	56000000	33.5684
3000000	57000000	30.0806
3000000	58000000	25.4104
3000000	59000000	35.4397
3000000	60000000	5.4608
4000000	1000000	122.9901
4000000	2000000	286.8585
4000000	3000000	860.7608
4000000	4000000	2647.7110
4000000	5000000	664.3309
4000000	6000000	419.8737
4000000	7000000	169.2090
4000000	8000000	133.3654
4000000	9000000	121.6733
4000000	10000000	116.3158
4000000	11000000	111.9190
4000000	12000000	130.0566
4000000	13000000	94.5614
4000000	14000000	99.4316
4000000	15000000	128.4829
4000000	16000000	121.2062
4000000	17000000	115.2321
4000000	18000000	93.0335
4000000	19000000	85.6528
4000000	20000000	80.8711
4000000	21000000	66.7536
4000000	22000000	61.3656
4000000	23000000	62.8173
4000000	24000000	66.4106
4000000	25000000	59.5148
4000000	26000000	51.5589
4000000	27000000	50.1351
4000000	28000000	44.6994
4000000	29000000	58.5863
4000000	30000000	54.0402
4000000	31000000	75.4828
4000000	32000000	45.9404
4000000	33000000	30.5621
4000000	34000000	38.3846
4000000	35000000	42.6330
4000000	36000000	41.4642
4000000	37000000	58.1828
4000000	38000000	38.8585
4000000	39000000	42.5844
4000000	40000000	41.4708
4000000	41000000	44.2063
4000000	42000000	44.8711
4000000	43000000	33.0631
4000000	44000000	39.5870
4000000	45000000	45.0733
4000000	46000000	27.3890
4000000	47000000	35.6510
4000000	48000000	39.7851
4000000	49000000	33.6683
4000000	50000000	39.8437
4000000	51000000	32.8606
4000000	52000000	33.9121
4000000	53000000	28.2993
4000000	54000000	31.8389
4000000	55000000	35.6684
4000000	56000000	33.7432
4000000	57000000	34.8835
4000000	58000000	28.4449
4000000	59000000	32.1838
4000000	60000000	3.9530
5000000	1000000	93.3044
5000000	2000000	145.9315
5000000	3000000	247.9680
5000000	4000000	664.3309
5000000	5000000	2360.4895
5000000	6000000	814.7287
5000000	7000000	163.9022
5000000	8000000	133.5398
5000000	9000000	108.7228
5000000	10000000	88.0291
5000000	11000000	85.0897
5000000	12000000	91.4702
5000000	13000000	102.2113
5000000	14000000	86.1976
5000000	15000000	100.8645
5000000	16000000	119.4471
5000000	17000000	85.3255
5000000	18000000	67.9000
5000000	19000000	62.7471
5000000	20000000	68.0233
5000000	21000000	51.5050
5000000	22000000	42.0570
5000000	23000000	47.0466
5000000	24000000	52.6187
5000000	25000000	52.6115
5000000	26000000	39.8278
5000000	27000000	30.3871
5000000	28000000	32.0340
5000000	29000000	39.1905
5000000	30000000	44.8477
5000000	31000000	62.1994
5000000	32000000	34.8295
5000000	33000000	31.2214
5000000	34000000	37.9335
5000000	35000000	35.8660
5000000	36000000	35.7698
5000000	37000000	49.0514
5000000	38000000	41.4796
5000000	39000000	41.4604
5000000	40000000	33.9093
5000000	41000000	35.3629
5000000	42000000	38.9516
5000000	43000000	30.7292
5000000	44000000	35.7880
5000000	45000000	37.4673
5000000	46000000	24.5742
5000000	47000000	31.3830
5000000	48000000	32.8474
5000000	49000000	32.0181
5000000	50000000	34.0147
5000000	51000000	30.5191
5000000	52000000	26.2219
5000000	53000000	27.6193
5000000	54000000	32.4484
5000000	55000000	33.1795
5000000	56000000	25.1659
5000000	57000000	26.4559
5000000	58000000	23.7703
5000000	59000000	35.5622
5000000	60000000	4.2150
6000000	1000000	173.5185
6000000	2000000	257.6261
6000000	3000000	276.7293
6000000	4000000	419.8737
6000000	5000000	814.7287
6000000	6000000	3819.2733
6000000	7000000	920.3941
6000000	8000000	362.4590
6000000	9000000	257.8610
6000000	10000000	203.5450
6000000	11000000	196.6818
6000000	12000000	186.8969
6000000	13000000	162.1749
6000000	14000000	157.0289
6000000	15000000	170.4768
6000000	16000000	203.1854
6000000	17000000	142.6364
6000000	18000000	133.7075
6000000	19000000	118.5875
6000000	20000000	116.4997
6000000	21000000	95.1955
6000000	22000000	85.2767
6000000	23000000	82.6015
6000000	24000000	95.5707
6000000	25000000	87.9623
6000000	26000000	79.5753
6000000	27000000	60.5507
6000000	28000000	64.4738
6000000	29000000	78.8712
6000000	30000000	89.5609
6000000	31000000	90.5694
6000000	32000000	67.4523
6000000	33000000	47.6765
6000000	34000000	58.8959
6000000	35000000	67.7949
6000000	36000000	61.0086
6000000	37000000	70.1865
6000000	38000000	58.4757
6000000	39000000	63.8990
6000000	40000000	71.6108
6000000	41000000	52.2276
6000000	42000000	66.7718
6000000	43000000	51.4772
6000000	44000000	58.2837
6000000	45000000	60.6168
6000000	46000000	46.2765
6000000	47000000	55.1611
6000000	48000000	53.2096
6000000	49000000	55.4685
6000000	50000000	51.4006
6000000	51000000	49.8287
6000000	52000000	43.6844
6000000	53000000	43.6799
6000000	54000000	53.6821
6000000	55000000	51.3277
6000000	56000000	46.1433
6000000	57000000	52.6525
6000000	58000000	36.0029
6000000	59000000	49.0568
6000000	60000000	7.7401
7000000	1000000	66.9805
7000000	2000000	123.0272
7000000	3000000	130.3765
7000000	4000000	169.2090
7000000	5000000	163.9022
7000000	6000000	920.3941
7000000	7000000	3008.6355
7000000	8000000	750.1176
7000000	9000000	254.4767
7000000	10000000	149.2146
7000000	11000000	134.3447
7000000	12000000	127.2508
7000000	13000000	98.1508
7000000	14000000	101.8357
7000000	15000000	109.9740
7000000	16000000	126.7653
7000000	17000000	100.2140
7000000	18000000	91.4651
7000000	19000000	79.1169
7000000	20000000	74.0981
7000000	21000000	66.3513
7000000	22000000	65.5439
7000000	23000000	65.3226
7000000	24000000	65.4266
7000000	25000000	57.7666
7000000	26000000	48.7647
7000000	27000000	49.9783
7000000	28000000	46.9356
7000000	29000000	53.1158
7000000	30000000	56.3563
7000000	31000000	69.0590
7000000	32000000	47.0921
7000000	33000000	42.8274
7000000	34000000	43.6210
7000000	35000000	45.5814
7000000	36000000	40.0617
7000000	37000000	64.3823
7000000	38000000	45.3480
7000000	39000000	44.9848
7000000	40000000	45.6854
7000000	41000000	43.0518
7000000	42000000	43.4313
7000000	43000000	33.2517
7000000	44000000	38.3909
7000000	45000000	50.3294
7000000	46000000	32.2311
7000000	47000000	44.0765
7000000	48000000	39.2238
7000000	49000000	37.2860
7000000	50000000	36.3071
7000000	51000000	33.8588
7000000	52000000	36.4522
7000000	53000000	37.5417
7000000	54000000	39.0535
7000000	55000000	36.6669
7000000	56000000	33.9162
7000000	57000000	38.3648
7000000	58000000	28.8675
7000000	59000000	31.0494
7000000	60000000	5.3016
8000000	1000000	62.9039
8000000	2000000	107.1922
8000000	3000000	118.4895
8000000	4000000	133.3654
8000000	5000000	133.5398
8000000	6000000	362.4590
8000000	7000000	750.1176
8000000	8000000	2690.1925
8000000	9000000	623.7846
8000000	10000000	199.9772
8000000	11000000	133.5639
8000000	12000000	125.8399
8000000	13000000	106.5053
8000000	14000000	96.3007
8000000	15000000	107.3383
8000000	16000000	113.6118
8000000	17000000	93.3284
8000000	18000000	91.3750
8000000	19000000	88.1490
8000000	20000000	83.8628
8000000	21000000	64.8085
8000000	22000000	56.3518
8000000	23000000	54.6596
8000000	24000000	54.9257
8000000	25000000	57.1553
8000000	26000000	45.0239
8000000	27000000	45.1254
8000000	28000000	39.5027
8000000	29000000	51.4289
8000000	30000000	49.8648
8000000	31000000	65.0729
8000000	32000000	50.6345
8000000	33000000	37.5405
8000000	34000000	31.7650
8000000	35000000	45.4432
8000000	36000000	39.0084
8000000	37000000	53.2506
8000000	38000000	46.0081
8000000	39000000	45.6549
8000000	40000000	47.0579
8000000	41000000	41.5955
8000000	42000000	39.0946
8000000	43000000	35.0032
8000000	44000000	42.4950
8000000	45000000	40.9347
8000000	46000000	32.4328
8000000	47000000	35.2632
8000000	48000000	36.5996
8000000	49000000	35.5306
8000000	50000000	42.1473
8000000	51000000	32.3340
8000000	52000000	34.8157
8000000	53000000	37.4611
8000000	54000000	35.5777
8000000	55000000	34.3195
8000000	56000000	32.7285
8000000	57000000	34.4248
8000000	58000000	28.3475
8000000	59000000	34.9488
8000000	60000000	5.3989
9000000	1000000	57.5538
9000000	2000000	112.9444
9000000	3000000	106.4374
9000000	4000000	121.6733
9000000	5000000	108.7228
9000000	6000000	257.8610
9000000	7000000	254.4767
9000000	8000000	623.7846
9000000	9000000	3266.8079
9000000	10000000	918.4190
9000000	11000000	185.6895
9000000	12000000	148.5742
9000000	13000000	99.6088
9000000	14000000	119.8138
9000000	15000000	116.1635
9000000	16000000	103.8016
9000000	17000000	115.9794
9000000	18000000	93.5690
9000000	19000000	92.3444
9000000	20000000	90.0936
9000000	21000000	84.1232
9000000	22000000	80.7567
9000000	23000000	69.6987
9000000	24000000	70.6954
9000000	25000000	67.8569
9000000	26000000	62.8011
9000000	27000000	58.5188
9000000	28000000	52.1180
9000000	29000000	66.2089
9000000	30000000	55.4854
9000000	31000000	93.4566
9000000	32000000	54.5168
9000000	33000000	53.3968
9000000	34000000	43.0767
9000000	35000000	46.8482
9000000	36000000	44.2793
9000000	37000000	78.9993
9000000	38000000	44.6621
9000000	39000000	51.6239
9000000	40000000	53.2337
9000000	41000000	42.7672
9000000	42000000	52.4435
9000000	43000000	40.1250
9000000	44000000	45.1796
9000000	45000000	47.4179
9000000	46000000	29.4136
9000000	47000000	41.7664
9000000	48000000	45.4982
9000000	49000000	45.0566
9000000	50000000	38.3985
9000000	51000000	38.2354
9000000	52000000	34.1301
9000000	53000000	33.6234
9000000	54000000	38.9197
9000000	55000000	43.5532
9000000	56000000	39.0994
9000000	57000000	34.6121
9000000	58000000	31.4169
9000000	59000000	40.1606
9000000	60000000	4.7490
10000000	1000000	56.9441
10000000	2000000	105.9180
10000000	3000000	89.6735
10000000	4000000	116.3158
10000000	5000000	88.0291
10000000	6000000	203.5450
10000000	7000000	149.2146
10000000	8000000	199.9772
10000000	9000000	918.4190
10000000	10000000	3145.4684
10000000	11000000	636.3725
10000000	12000000	237.3535
10000000	13000000	89.1329
10000000	14000000	122.6988
10000000	15000000	109.9872
10000000	16000000	99.7652
10000000	17000000	109.4983
10000000	18000000	98.6293
10000000	19000000	92.8793
10000000	20000000	94.9964
10000000	21000000	81.9798
10000000	22000000	85.6657
10000000	23000000	80.4723
10000000	24000000	71.5525
10000000	25000000	81.2972
10000000	26000000	61.2876
10000000	27000000	77.5244
10000000	28000000	67.6799
10000000	29000000	78.9868
10000000	30000000	53.0860
10000000	31000000	90.9986
10000000	32000000	62.8964
10000000	33000000	49.1736
10000000	34000000	38.7763
10000000	35000000	39.5047
10000000	36000000	39.4990
10000000	37000000	69.8155
10000000	38000000	44.8030
10000000	39000000	44.0831
10000000	40000000	46.0037
10000000	41000000	35.1471
10000000	42000000	46.5968
10000000	43000000	30.9734
10000000	44000000	31.8834
10000000	45000000	39.7985
10000000	46000000	25.7480
10000000	47000000	49.7412
10000000	48000000	45.9741
10000000	49000000	52.1123
10000000	50000000	43.4039
10000000	51000000	31.8723
10000000	52000000	35.2096
10000000	53000000	33.0382
10000000	54000000	31.5541
10000000	55000000	28.3269
10000000	56000000	34.5669
10000000	57000000	37.0487
10000000	58000000	24.6463
10000000	59000000	34.3274
10000000	60000000	5.4090
11000000	1000000	69.1072
11000000	2000000	117.5825
11000000	3000000	95.5761
11000000	4000000	111.9190
11000000	5000000	85.0897
11000000	6000000	196.6818
11000000	7000000	134.3447
11000000	8000000	133.5639
11000000	9000000	185.6895
11000000	10000000	636.3725
11000000	11000000	3779.9353
11000000	12000000	528.8712
11000000	13000000	122.5063
11000000	14000000	144.3262
11000000	15000000	126.1581
11000000	16000000	104.2819
11000000	17000000	113.0464
11000000	18000000	88.7066
11000000	19000000	96.3974
11000000	20000000	84.6847
11000000	21000000	91.8957
11000000	22000000	97.8753
11000000	23000000	82.2014
11000000	24000000	80.9984
11000000	25000000	87.8840
11000000	26000000	80.3168
11000000	27000000	86.5255
11000000	28000000	75.0006
11000000	29000000	79.6823
11000000	30000000	61.0009
11000000	31000000	83.9231
11000000	32000000	56.5533
11000000	33000000	47.3289
11000000	34000000	33.5147
11000000	35000000	43.9457
11000000	36000000	45.2224
11000000	37000000	73.7925
11000000	38000000	39.0178
11000000	39000000	44.8271
11000000	40000000	46.8197
11000000	41000000	39.0904
11000000	42000000	44.6063
11000000	43000000	37.6559
11000000	44000000	37.7971
11000000	45000000	43.3651
11000000	46000000	31.0349
11000000	47000000	48.9159
11000000	48000000	53.7398
11000000	49000000	47.6010
11000000	50000000	48.6312
11000000	51000000	38.8877
11000000	52000000	37.3057
11000000	53000000	34.1491
11000000	54000000	38.6609
11000000	55000000	35.5967
11000000	56000000	41.5554
11000000	57000000	36.4035
11000000	58000000	32.6549
11000000	59000000	35.5494
11000000	60000000	4.7012
12000000	1000000	52.8528
12000000	2000000	103.4345
12000000	3000000	108.0343
12000000	4000000	130.0566
12000000	5000000	91.4702
12000000	6000000	186.8969
12000000	7000000	127.2508
12000000	8000000	125.8399
12000000	9000000	148.5742
12000000	10000000	237.3535
12000000	11000000	528.8712
12000000	12000000	2549.3844
12000000	13000000	730.3768
12000000	14000000	459.4728
12000000	15000000	263.1596
12000000	16000000	163.7693
12000000	17000000	158.4605
12000000	18000000	133.4600
12000000	19000000	114.1322
12000000	20000000	113.6516
12000000	21000000	103.0116
12000000	22000000	99.4686
12000000	23000000	87.0849
12000000	24000000	91.6333
12000000	25000000	85.4391
12000000	26000000	86.3452
12000000	27000000	72.8137
12000000	28000000	76.5215
12000000	29000000	76.1069
12000000	30000000	75.5109
12000000	31000000	89.3472
12000000	32000000	69.0437
12000000	33000000	45.8413
12000000	34000000	48.3568
12000000	35000000	52.4504
12000000	36000000	53.4425
12000000	37000000	75.1841
12000000	38000000	44.5953
12000000	39000000	47.9769
12000000	40000000	56.0393
12000000	41000000	40.3765
12000000	42000000	45.2878
12000000	43000000	45.2272
12000000	44000000	36.0025
12000000	45000000	48.6301
12000000	46000000	35.9556
12000000	47000000	53.9906
12000000	48000000	51.5677
12000000	49000000	46.3443
12000000	50000000	45.0533
12000000	51000000	39.3561
12000000	52000000	35.1857
12000000	53000000	34.4843
12000000	54000000	38.6929
12000000	55000000	33.5933
12000000	56000000	37.3609
12000000	57000000	44.6043
12000000	58000000	28.8356
12000000	59000000	42.0013
12000000	60000000	5.4600
13000000	1000000	50.2168
13000000	2000000	79.1078
13000000	3000000	93.8546
13000000	4000000	94.5614
13000000	5000000	102.2113
13000000	6000000	162.1749
13000000	7000000	98.1508
13000000	8000000	106.5053
13000000	9000000	99.6088
13000000	10000000	89.1329
13000000	11000000	122.5063
13000000	12000000	730.3768
13000000	13000000	2387.2850
13000000	14000000	831.9151
13000000	15000000	283.0927
13000000	16000000	215.5910
13000000	17000000	99.2043
13000000	18000000	83.0372
13000000	19000000	76.7929
13000000	20000000	86.3419
13000000	21000000	67.9683
13000000	22000000	54.2873
13000000	23000000	51.6198
13000000	24000000	52.0094
13000000	25000000	53.9086
13000000	26000000	36.9434
13000000	27000000	36.7165
13000000	28000000	34.0781
13000000	29000000	43.9378
13000000	30000000	53.6896
13000000	31000000	62.6979
13000000	32000000	45.3424
13000000	33000000	35.1496
13000000	34000000	41.2480
13000000	35000000	51.1079
13000000	36000000	38.2331
13000000	37000000	62.4241
13000000	38000000	54.6985
13000000	39000000	48.2940
13000000	40000000	52.3695
13000000	41000000	45.0665
13000000	42000000	49.4858
13000000	43000000	38.1587
13000000	44000000	43.4233
13000000	45000000	50.6283
13000000	46000000	28.2972
13000000	47000000	39.2035
13000000	48000000	34.2876
13000000	49000000	30.6280
13000000	50000000	29.2181
13000000	51000000	31.7544
13000000	52000000	32.1556
13000000	53000000	32.4306
13000000	54000000	31.7552
13000000	55000000	37.4283
13000000	56000000	31.0164
13000000	57000000	30.9349
13000000	58000000	24.9725
13000000	59000000	37.7370
13000000	60000000	2.8296
14000000	1000000	50.3202
14000000	2000000	92.8238
14000000	3000000	92.8694
14000000	4000000	99.4316
14000000	5000000	86.1976
14000000	6000000	157.0289
14000000	7000000	101.8357
14000000	8000000	96.3007
14000000	9000000	119.8138
14000000	10000000	122.6988
14000000	11000000	144.3262
14000000	12000000	459.4728
14000000	13000000	831.9151
14000000	14000000	2761.1023
14000000	15000000	643.0202
14000000	16000000	201.0689
14000000	17000000	150.7683
14000000	18000000	125.2429
14000000	19000000	100.1445
14000000	20000000	107.3761
14000000	21000000	92.1176
14000000	22000000	88.9134
14000000	23000000	75.1774
14000000	24000000	68.1627
14000000	25000000	71.7589
14000000	26000000	61.5602
14000000	27000000	61.6656
14000000	28000000	57.3190
14000000	29000000	73.5401
14000000	30000000	70.9237
14000000	31000000	94.5927
14000000	32000000	58.6677
14000000	33000000	55.0028
14000000	34000000	38.1968
14000000	35000000	55.5662
14000000	36000000	62.7518
14000000	37000000	72.3988
14000000	38000000	45.6288
14000000	39000000	52.8357
14000000	40000000	54.8780
14000000	41000000	43.3968
14000000	42000000	56.8056
14000000	43000000	39.5945
14000000	44000000	41.3186
14000000	45000000	51.4989
14000000	46000000	30.0087
14000000	47000000	53.1671
14000000	48000000	44.3326
14000000	49000000	37.5757
14000000	50000000	51.0323
14000000	51000000	42.6674
14000000	52000000	40.7599
14000000	53000000	29.3957
14000000	54000000	35.9160
14000000	55000000	35.0514
14000000	56000000	39.4837
14000000	57000000	36.4477
14000000	58000000	25.4884
14000000	59000000	31.3016
14000000	60000000	5.8919
15000000	1000000	57.2411
15000000	2000000	78.5015
15000000	3000000	99.7625
15000000	4000000	128.4829
15000000	5000000	100.8645
15000000	6000000	170.4768
15000000	7000000	109.9740
15000000	8000000	107.3383
15000000	9000000	116.1635
15000000	10000000	109.9872
15000000	11000000	126.1581
15000000	12000000	263.1596
15000000	13000000	283.0927
15000000	14000000	643.0202
15000000	15000000	2451.4796
15000000	16000000	736.1595
15000000	17000000	245.4093
15000000	18000000	172.9548
15000000	19000000	129.3681
15000000	20000000	127.8850
15000000	21000000	111.3530
15000000	22000000	88.8822
15000000	23000000	83.5128
15000000	24000000	86.0385
15000000	25000000	93.2076
15000000	26000000	80.1605
15000000	27000000	58.5046
15000000	28000000	59.1253
15000000	29000000	75.3074
15000000	30000000	68.9574
15000000	31000000	83.4732
15000000	32000000	61.2759
15000000	33000000	44.4481
15000000	34000000	61.8344
15000000	35000000	55.6330
15000000	36000000	65.6553
15000000	37000000	84.2485
15000000	38000000	58.2117
15000000	39000000	55.3283
15000000	40000000	55.8590
15000000	41000000	45.3594
15000000	42000000	52.0270
15000000	43000000	42.7005
15000000	44000000	47.2823
15000000	45000000	56.1855
15000000	46000000	36.3198
15000000	47000000	55.4694
15000000	48000000	48.2444
15000000	49000000	41.1324
15000000	50000000	49.7331
15000000	51000000	37.9564
15000000	52000000	42.0566
15000000	53000000	38.6987
15000000	54000000	37.1630
15000000	55000000	38.9223
15000000	56000000	38.2389
15000000	57000000	40.0737
15000000	58000000	31.8569
15000000	59000000	34.7834
15000000	60000000	6.0192
16000000	1000000	60.5067
16000000	2000000	111.2213
16000000	3000000	113.1885
16000000	4000000	121.2062
16000000	5000000	119.4471
16000000	6000000	203.1854
16000000	7000000	126.7653
16000000	8000000	113.6118
16000000	9000000	103.8016
16000000	10000000	99.7652
16000000	11000000	104.2819
16000000	12000000	163.7693
16000000	13000000	215.5910
16000000	14000000	201.0689
16000000	15000000	736.1595
16000000	16000000	2475.4026
16000000	17000000	591.4809
16000000	18000000	221.2546
16000000	19000000	135.3019
16000000	20000000	128.4788
16000000	21000000	98.1103
16000000	22000000	74.1910
16000000	23000000	74.6086
16000000	24000000	75.6857
16000000	25000000	71.4485
16000000	26000000	70.7124
16000000	27000000	49.9103
16000000	28000000	50.8365
16000000	29000000	54.9428
16000000	30000000	76.4638
16000000	31000000	74.6603
16000000	32000000	51.9014
16000000	33000000	41.2556
16000000	34000000	62.4342
16000000	35000000	59.2228
16000000	36000000	60.0396
16000000	37000000	59.4287
16000000	38000000	65.5442
16000000	39000000	55.0649
16000000	40000000	63.0343
16000000	41000000	61.9920
16000000	42000000	57.1545
16000000	43000000	51.2699
16000000	44000000	50.9380
16000000	45000000	50.1662
16000000	46000000	31.7575
16000000	47000000	48.2261
16000000	48000000	39.1075
16000000	49000000	39.3638
16000000	50000000	39.3930
16000000	51000000	44.0024
16000000	52000000	33.4965
16000000	53000000	36.2410
16000000	54000000	41.5562
16000000	55000000	40.6968
16000000	56000000	33.7140
16000000	57000000	36.7063
16000000	58000000	25.9048
16000000	59000000	39.7603
16000000	60000000	6.7282
17000000	1000000	47.7451
17000000	2000000	83.9153
17000000	3000000	80.3592
17000000	4000000	115.2321
17000000	5000000	85.3255
17000000	6000000	142.6364
17000000	7000000	100.2140
17000000	8000000	93.3284
17000000	9000000	115.9794
17000000	10000000	109.4983
17000000	11000000	113.0464
17000000	12000000	158.4605
17000000	13000000	99.2043
17000000	14000000	150.7683
17000000	15000000	245.4093
17000000	16000000	591.4809
17000000	17000000	3181.5757
17000000	18000000	891.0768
17000000	19000000	252.4515
17000000	20000000	168.9014
17000000	21000000	144.1254
17000000	22000000	113.1486
17000000	23000000	116.8058
17000000	24000000	106.5307
17000000	25000000	93.0346
17000000	26000000	95.1921
17000000	27000000	77.6283
17000000	28000000	77.0388
17000000	29000000	87.1533
17000000	30000000	71.8463
17000000	31000000	112.2262
17000000	32000000	63.1038
17000000	33000000	64.3619
17000000	34000000	53.7518
17000000	35000000	59.2189
17000000	36000000	65.3613
17000000	37000000	87.9626
17000000	38000000	51.0497
17000000	39000000	52.9385
17000000	40000000	59.2081
17000000	41000000	40.8445
17000000	42000000	60.5009
17000000	43000000	41.7408
17000000	44000000	41.8646
17000000	45000000	61.7749
17000000	46000000	34.4808
17000000	47000000	63.5378
17000000	48000000	59.2081
17000000	49000000	59.8891
17000000	50000000	56.9328
17000000	51000000	43.9929
17000000	52000000	45.3154
17000000	53000000	41.3926
17000000	54000000	46.6969
17000000	55000000	36.4130
17000000	56000000	45.5052
17000000	57000000	41.7744
17000000	58000000	30.3638
17000000	59000000	41.2613
17000000	60000000	6.9978
18000000	1000000	41.0936
18000000	2000000	77.1173
18000000	3000000	77.3441
18000000	4000000	93.0335
18000000	5000000	67.9000
18000000	6000000	133.7075
18000000	7000000	91.4651
18000000	8000000	91.3750
18000000	9000000	93.5690
18000000	10000000	98.6293
18000000	11000000	88.7066
18000000	12000000	133.4600
18000000	13000000	83.0372
18000000	14000000	125.2429
18000000	15000000	172.9548
18000000	16000000	221.2546
18000000	17000000	891.0768
18000000	18000000	2839.1462
18000000	19000000	696.2242
18000000	20000000	235.9236
18000000	21000000	177.0048
18000000	22000000	131.1556
18000000	23000000	119.6611
18000000	24000000	108.8378
18000000	25000000	99.5919
18000000	26000000	90.2178
18000000	27000000	72.6527
18000000	28000000	89.5217
18000000	29000000	84.2962
18000000	30000000	62.7762
18000000	31000000	96.5393
18000000	32000000	68.6309
18000000	33000000	54.6731
18000000	34000000	60.4686
18000000	35000000	65.2134
18000000	36000000	67.9631
18000000	37000000	81.9393
18000000	38000000	63.4786
18000000	39000000	49.6503
18000000	40000000	61.2945
18000000	41000000	41.9549
18000000	42000000	49.0433
18000000	43000000	40.7065
18000000	44000000	44.8629
18000000	45000000	56.5705
18000000	46000000	39.1762
18000000	47000000	66.0916
18000000	48000000	57.8395
18000000	49000000	57.6912
18000000	50000000	56.9029
18000000	51000000	44.5614
18000000	52000000	47.5335
18000000	53000000	36.6763
18000000	54000000	42.9137
18000000	55000000	37.6948
18000000	56000000	38.6791
18000000	57000000	43.9486
18000000	58000000	25.8948
18000000	59000000	41.5443
18000000	60000000	6.8669
19000000	1000000	32.1735
19000000	2000000	72.4910
19000000	3000000	68.2685
19000000	4000000	85.6528
19000000	5000000	62.7471
19000000	6000000	118.5875
19000000	7000000	79.1169
19000000	8000000	88.1490
19000000	9000000	92.3444
19000000	10000000	92.8793
19000000	11000000	96.3974
19000000	12000000	114.1322
19000000	13000000	76.7929
19000000	14000000	100.1445
19000000	15000000	129.3681
19000000	16000000	135.3019
19000000	17000000	252.4515
19000000	18000000	696.2242
19000000	19000000	2669.1353
19000000	20000000	900.7280
19000000	21000000	262.0659
19000000	22000000	155.8205
19000000	23000000	113.9353
19000000	24000000	122.7863
19000000	25000000	108.6176
19000000	26000000	88.2302
19000000	27000000	85.7203
19000000	28000000	75.3374
19000000	29000000	79.7596
19000000	30000000	68.9181
19000000	31000000	106.0590
19000000	32000000	76.7711
19000000	33000000	59.2893
19000000	34000000	68.5408
19000000	35000000	63.0536
19000000	36000000	69.7938
19000000	37000000	88.1135
19000000	38000000	56.9677
19000000	39000000	49.3782
19000000	40000000	63.2884
19000000	41000000	44.8220
19000000	42000000	50.3778
19000000	43000000	44.3274
19000000	44000000	44.0672
19000000	45000000	56.1553
19000000	46000000	37.4280
19000000	47000000	68.2651
19000000	48000000	59.9355
19000000	49000000	59.3820
19000000	50000000	49.5684
19000000	51000000	40.4257
19000000	52000000	41.7658
19000000	53000000	40.7225
19000000	54000000	41.3510
19000000	55000000	42.8615
19000000	56000000	44.8815
19000000	57000000	41.6855
19000000	58000000	37.7904
19000000	59000000	36.2392
19000000	60000000	5.5304
20000000	1000000	40.2537
20000000	2000000	73.2528
20000000	3000000	71.3880
20000000	4000000	80.8711
20000000	5000000	68.0233
20000000	6000000	116.4997
20000000	7000000	74.0981
20000000	8000000	83.8628
20000000	9000000	90.0936
20000000	10000000	94.9964
20000000	11000000	84.6847
20000000	12000000	113.6516
20000000	13000000	86.3419
20000000	14000000	107.3761
20000000	15000000	127.8850
20000000	16000000	128.4788
20000000	17000000	168.9014
20000000	18000000	235.9236
20000000	19000000	900.7280
20000000	20000000	2829.6408
20000000	21000000	767.4182
20000000	22000000	206.3243
20000000	23000000	151.5456
20000000	24000000	131.9865
20000000	25000000	102.6931
20000000	26000000	91.9036
20000000	27000000	84.3320
20000000	28000000	93.9411
20000000	29000000	90.0333
20000000	30000000	77.8660
20000000	31000000	97.9213
20000000	32000000	61.9097
20000000	33000000	63.2469
20000000	34000000	65.2174
20000000	35000000	71.1828
20000000	36000000	73.0104
20000000	37000000	84.3633
20000000	38000000	56.2939
20000000	39000000	58.7405
20000000	40000000	65.5767
20000000	41000000	51.0513
20000000	42000000	60.7915
20000000	43000000	51.5382
20000000	44000000	46.1680
20000000	45000000	63.1372
20000000	46000000	40.4315
20000000	47000000	65.5156
20000000	48000000	60.8210
20000000	49000000	58.7643
20000000	50000000	63.6433
20000000	51000000	48.0352
20000000	52000000	38.9454
20000000	53000000	39.4035
20000000	54000000	44.5099
20000000	55000000	41.6707
20000000	56000000	44.6092
20000000	57000000	48.2738
20000000	58000000	31.3539
20000000	59000000	41.2649
20000000	60000000	5.2731
21000000	1000000	34.7670
21000000	2000000	56.0729
21000000	3000000	55.1885
21000000	4000000	66.7536
21000000	5000000	51.5050
21000000	6000000	95.1955
21000000	7000000	66.3513
21000000	8000000	64.8085
21000000	9000000	84.1232
21000000	10000000	81.9798
21000000	11000000	91.8957
21000000	12000000	103.0116
21000000	13000000	67.9683
21000000	14000000	92.1176
21000000	15000000	111.3530
21000000	16000000	98.1103
21000000	17000000	144.1254
21000000	18000000	177.0048
21000000	19000000	262.0659
21000000	20000000	767.4182
21000000	21000000	2300.4582
21000000	22000000	833.4757
21000000	23000000	245.3648
21000000	24000000	168.6089
21000000	25000000	123.9315
21000000	26000000	109.8340
21000000	27000000	96.7695
21000000	28000000	99.4351
21000000	29000000	99.7552
21000000	30000000	72.2880
21000000	31000000	109.6990
21000000	32000000	73.4157
21000000	33000000	60.9431
21000000	34000000	64.8195
21000000	35000000	63.7935
21000000	36000000	71.7067
21000000	37000000	76.5017
21000000	38000000	46.1887
21000000	39000000	49.2890
21000000	40000000	52.8240
21000000	41000000	42.5588
21000000	42000000	48.2591
21000000	43000000	45.5326
21000000	44000000	46.7803
21000000	45000000	54.4278
21000000	46000000	41.8312
21000000	47000000	65.6363
21000000	48000000	63.8721
21000000	49000000	59.2982
21000000	50000000	51.9467
21000000	51000000	40.9890
21000000	52000000	43.5475
21000000	53000000	38.0592
21000000	54000000	43.4951
21000000	55000000	42.0138
21000000	56000000	52.7041
21000000	57000000	43.8491
21000000	58000000	28.8807
21000000	59000000	27.9832
21000000	60000000	6.8922
22000000	1000000	27.8908
22000000	2000000	58.6695
22000000	3000000	54.8382
22000000	4000000	61.3656
22000000	5000000	42.0570
22000000	6000000	85.2767
22000000	7000000	65.5439
22000000	8000000	56.3518
22000000	9000000	80.7567
22000000	10000000	85.6657
22000000	11000000	97.8753
22000000	12000000	99.4686
22000000	13000000	54.2873
22000000	14000000	88.9134
22000000	15000000	88.8822
22000000	16000000	74.1910
22000000	17000000	113.1486
22000000	18000000	131.1556
22000000	19000000	155.8205
22000000	20000000	206.3243
22000000	21000000	833.4757
22000000	22000000	3489.0354
22000000	23000000	670.7980
22000000	24000000	252.5441
22000000	25000000	171.1084
22000000	26000000	145.7469
22000000	27000000	131.2131
22000000	28000000	129.0793
22000000	29000000	125.2003
22000000	30000000	74.6839
22000000	31000000	124.4469
22000000	32000000	82.9688
22000000	33000000	70.1819
22000000	34000000	59.0411
22000000	35000000	63.8918
22000000	36000000	75.1669
22000000	37000000	82.6955
22000000	38000000	47.4641
22000000	39000000	50.4349
22000000	40000000	58.5063
22000000	41000000	42.6936
22000000	42000000	55.9619
22000000	43000000	38.4216
22000000	44000000	44.4196
22000000	45000000	49.0274
22000000	46000000	35.9715
22000000	47000000	78.3375
22000000	48000000	81.7870
22000000	49000000	75.2980
22000000	50000000	69.1511
22000000	51000000	48.7737
22000000	52000000	45.0861
22000000	53000000	44.6541
22000000	54000000	41.1903
22000000	55000000	41.1467
22000000	56000000	57.6819
22000000	57000000	50.2076
22000000	58000000	27.1156
22000000	59000000	35.3240
22000000	60000000	5.2708
23000000	1000000	30.6633
23000000	2000000	52.4133
23000000	3000000	51.9926
23000000	4000000	62.8173
23000000	5000000	47.0466
23000000	6000000	82.6015
23000000	7000000	65.3226
23000000	8000000	54.6596
23000000	9000000	69.6987
23000000	10000000	80.4723
23000000	11000000	82.2014
23000000	12000000	87.0849
23000000	13000000	51.6198
23000000	14000000	75.1774
23000000	15000000	83.5128
23000000	16000000	74.6086
23000000	17000000	116.8058
23000000	18000000	119.6611
23000000	19000000	113.9353
23000000	20000000	151.5456
23000000	21000000	245.3648
23000000	22000000	670.7980
23000000	23000000	2625.3612
23000000	24000000	895.4831
23000000	25000000	208.7917
23000000	26000000	170.1732
23000000	27000000	138.8485
23000000	28000000	130.3962
23000000	29000000	117.4151
23000000	30000000	81.1954
23000000	31000000	125.6512
23000000	32000000	77.2281
23000000	33000000	64.5357
23000000	34000000	69.5300
23000000	35000000	61.0264
23000000	36000000	76.4187
23000000	37000000	76.1127
23000000	38000000	46.4188
23000000	39000000	45.0038
23000000	40000000	52.9521
23000000	41000000	41.5687
23000000	42000000	49.7638
23000000	43000000	34.1282
23000000	44000000	46.6484
23000000	45000000	48.3340
23000000	46000000	44.1097
23000000	47000000	77.4198
23000000	48000000	75.0888
23000000	49000000	82.3286
23000000	50000000	77.3191
23000000	51000000	46.8474
23000000	52000000	45.6032
23000000	53000000	36.7615
23000000	54000000	50.9352
23000000	55000000	43.8138
23000000	56000000	48.9316
23000000	57000000	55.9090
23000000	58000000	25.1722
23000000	59000000	34.7115
23000000	60000000	5.4991
24000000	1000000	29.5618
24000000	2000000	53.7755
24000000	3000000	49.6157
24000000	4000000	66.4106
24000000	5000000	52.6187
24000000	6000000	95.5707
24000000	7000000	65.4266
24000000	8000000	54.9257
24000000	9000000	70.6954
24000000	10000000	71.5525
24000000	11000000	80.9984
24000000	12000000	91.6333
24000000	13000000	52.0094
24000000	14000000	68.1627
24000000	15000000	86.0385
24000000	16000000	75.6857
24000000	17000000	106.5307
24000000	18000000	108.8378
24000000	19000000	122.7863
24000000	20000000	131.9865
24000000	21000000	168.6089
24000000	22000000	252.5441
24000000	23000000	895.4831
24000000	24000000	3010.4256
24000000	25000000	588.3219
24000000	26000000	275.5475
24000000	27000000	183.4249
24000000	28000000	157.0312
24000000	29000000	138.7623
24000000	30000000	79.6104
24000000	31000000	128.5618
24000000	32000000	90.6027
24000000	33000000	68.8769
24000000	34000000	66.1825
24000000	35000000	68.8586
24000000	36000000	86.7244
24000000	37000000	82.8367
24000000	38000000	46.2486
24000000	39000000	45.1332
24000000	40000000	51.8424
24000000	41000000	45.8798
24000000	42000000	47.5312
24000000	43000000	37.8303
24000000	44000000	40.5086
24000000	45000000	54.0779
24000000	46000000	44.5398
24000000	47000000	82.2660
24000000	48000000	85.0868
24000000	49000000	91.2780
24000000	50000000	74.2165
24000000	51000000	45.6556
24000000	52000000	46.8328
24000000	53000000	33.1821
24000000	54000000	44.9633
24000000	55000000	38.8892
24000000	56000000	51.7855
24000000	57000000	49.6074
24000000	58000000	25.0283
24000000	59000000	33.8158
24000000	60000000	6.8083
25000000	1000000	32.4895
25000000	2000000	49.7354
25000000	3000000	51.8107
25000000	4000000	59.5148
25000000	5000000	52.6115
25000000	6000000	87.9623
25000000	7000000	57.7666
25000000	8000000	57.1553
25000000	9000000	67.8569
25000000	10000000	81.2972
25000000	11000000	87.8840
25000000	12000000	85.4391
25000000	13000000	53.9086
25000000	14000000	71.7589
25000000	15000000	93.2076
25000000	16000000	71.4485
25000000	17000000	93.0346
25000000	18000000	99.5919
25000000	19000000	108.6176
25000000	20000000	102.6931
25000000	21000000	123.9315
25000000	22000000	171.1084
25000000	23000000	208.7917
25000000	24000000	588.3219
25000000	25000000	2686.7899
25000000	26000000	763.5290
25000000	27000000	202.7096
25000000	28000000	159.5323
25000000	29000000	128.5096
25000000	30000000	104.4047
25000000	31000000	117.3516
25000000	32000000	70.9749
25000000	33000000	68.0442
25000000	34000000	77.3734
25000000	35000000	79.0323
25000000	36000000	76.8690
25000000	37000000	83.7238
25000000	38000000	41.3412
25000000	39000000	46.9371
25000000	40000000	52.5898
25000000	41000000	38.0513
25000000	42000000	51.5940
25000000	43000000	39.8450
25000000	44000000	45.8994
25000000	45000000	50.6335
25000000	46000000	36.3673
25000000	47000000	65.9691
25000000	48000000	69.6438
25000000	49000000	74.5937
25000000	50000000	72.0886
25000000	51000000	40.5223
25000000	52000000	43.1017
25000000	53000000	37.9719
25000000	54000000	42.1034
25000000	55000000	38.9244
25000000	56000000	55.5847
25000000	57000000	33.9268
25000000	58000000	28.8175
25000000	59000000	42.9106
25000000	60000000	5.9270
26000000	1000000	23.9452
26000000	2000000	50.8644
26000000	3000000	42.1250
26000000	4000000	51.5589
26000000	5000000	39.8278
26000000	6000000	79.5753
26000000	7000000	48.7647
26000000	8000000	45.0239
26000000	9000000	62.8011
26000000	10000000	61.2876
26000000	11000000	80.3168
26000000	12000000	86.3452
26000000	13000000	36.9434
26000000	14000000	61.5602
26000000	15000000	80.1605
26000000	16000000	70.7124
26000000	17000000	95.1921
26000000	18000000	90.2178
26000000	19000000	88.2302
26000000	20000000	91.9036
26000000	21000000	109.8340
26000000	22000000	145.7469
26000000	23000000	170.1732
26000000	24000000	275.5475
26000000	25000000	763.5290
26000000	26000000	2807.7812
26000000	27000000	641.7443
26000000	28000000	246.9145
26000000	29000000	156.2412
26000000	30000000	93.5347
26000000	31000000	136.8681
26000000	32000000	73.1098
26000000	33000000	64.0197
26000000	34000000	73.9399
26000000	35000000	69.0048
26000000	36000000	80.4043
26000000	37000000	72.1058
26000000	38000000	47.6598
26000000	39000000	40.8100
26000000	40000000	49.0001
26000000	41000000	40.7475
26000000	42000000	51.1425
26000000	43000000	37.9765
26000000	44000000	35.8233
26000000	45000000	45.2374
26000000	46000000	37.4574
26000000	47000000	70.7387
26000000	48000000	84.2652
26000000	49000000	85.5205
26000000	50000000	68.2560
26000000	51000000	39.2762
26000000	52000000	39.7861
26000000	53000000	43.5102
26000000	54000000	46.4126
26000000	55000000	44.3875
26000000	56000000	46.3116
26000000	57000000	47.5398
26000000	58000000	22.9387
26000000	59000000	33.7516
26000000	60000000	4.5799
27000000	1000000	29.1541
27000000	2000000	41.8286
27000000	3000000	43.5829
27000000	4000000	50.1351
27000000	5000000	30.3871
27000000	6000000	60.5507
27000000	7000000	49.9783
27000000	8000000	45.1254
27000000	9000000	58.5188
27000000	10000000	77.5244
27000000	11000000	86.5255
27000000	12000000	72.8137
27000000	13000000	36.7165
27000000	14000000	61.6656
27000000	15000000	58.5046
27000000	16000000	49.9103
27000000	17000000	77.6283
27000000	18000000	72.6527
27000000	19000000	85.7203
27000000	20000000	84.3320
27000000	21000000	96.7695
27000000	22000000	131.2131
27000000	23000000	138.8485
27000000	24000000	183.4249
27000000	25000000	202.7096
27000000	26000000	641.7443
27000000	27000000	3541.4989
27000000	28000000	603.1663
27000000	29000000	251.0096
27000000	30000000	82.5138
27000000	31000000	144.2118
27000000	32000000	81.7141
27000000	33000000	79.4349
27000000	34000000	54.5965
27000000	35000000	50.3456
27000000	36000000	71.5720
27000000	37000000	73.2402
27000000	38000000	37.4105
27000000	39000000	34.3237
27000000	40000000	39.5849
27000000	41000000	31.6173
27000000	42000000	37.4519
27000000	43000000	34.9917
27000000	44000000	34.3210
27000000	45000000	44.0410
27000000	46000000	34.3126
27000000	47000000	63.8429
27000000	48000000	89.1713
27000000	49000000	107.4869
27000000	50000000	69.9793
27000000	51000000	38.4976
27000000	52000000	38.1371
27000000	53000000	32.8436
27000000	54000000	45.3046
27000000	55000000	37.2706
27000000	56000000	54.7866
27000000	57000000	45.3457
27000000	58000000	19.1165
27000000	59000000	33.9025
27000000	60000000	3.9637
28000000	1000000	20.1137
28000000	2000000	39.7760
28000000	3000000	38.1945
28000000	4000000	44.6994
28000000	5000000	32.0340
28000000	6000000	64.4738
28000000	7000000	46.9356
28000000	8000000	39.5027
28000000	9000000	52.1180
28000000	10000000	67.6799
28000000	11000000	75.0006
28000000	12000000	76.5215
28000000	13000000	34.0781
28000000	14000000	57.3190
28000000	15000000	59.1253
28000000	16000000	50.8365
28000000	17000000	77.0388
28000000	18000000	89.5217
28000000	19000000	75.3374
28000000	20000000	93.9411
28000000	21000000	99.4351
28000000	22000000	129.0793
28000000	23000000	130.3962
28000000	24000000	157.0312
28000000	25000000	159.5323
28000000	26000000	246.9145
28000000	27000000	603.1663
28000000	28000000	2574.1476
28000000	29000000	606.2184
28000000	30000000	162.7563
28000000	31000000	175.1104
28000000	32000000	86.6206
28000000	33000000	69.2128
28000000	34000000	63.7790
28000000	35000000	85.7532
28000000	36000000	82.5360
28000000	37000000	68.9558
28000000	38000000	35.5776
28000000	39000000	40.9716
28000000	40000000	43.7013
28000000	41000000	32.9276
28000000	42000000	44.5481
28000000	43000000	28.1754
28000000	44000000	37.9918
28000000	45000000	41.8157
28000000	46000000	40.2867
28000000	47000000	88.2200
28000000	48000000	87.8576
28000000	49000000	91.3264
28000000	50000000	66.1650
28000000	51000000	49.5910
28000000	52000000	39.9237
28000000	53000000	36.0614
28000000	54000000	42.1478
28000000	55000000	38.6508
28000000	56000000	47.5329
28000000	57000000	51.8245
28000000	58000000	25.7496
28000000	59000000	32.4644
28000000	60000000	5.8157
29000000	1000000	26.9285
29000000	2000000	46.6940
29000000	3000000	37.0976
29000000	4000000	58.5863
29000000	5000000	39.1905
29000000	6000000	78.8712
29000000	7000000	53.1158
29000000	8000000	51.4289
29000000	9000000	66.2089
29000000	10000000	78.9868
29000000	11000000	79.6823
29000000	12000000	76.1069
29000000	13000000	43.9378
29000000	14000000	73.5401
29000000	15000000	75.3074
29000000	16000000	54.9428
29000000	17000000	87.1533
29000000	18000000	84.2962
29000000	19000000	79.7596
29000000	20000000	90.0333
29000000	21000000	99.7552
29000000	22000000	125.2003
29000000	23000000	117.4151
29000000	24000000	138.7623
29000000	25000000	128.5096
29000000	26000000	156.2412
29000000	27000000	251.0096
29000000	28000000	606.2184
29000000	29000000	3515.7382
29000000	30000000	530.0537
29000000	31000000	372.7082
29000000	32000000	136.8530
29000000	33000000	93.4995
29000000	34000000	69.7590
29000000	35000000	76.3763
29000000	36000000	95.1687
29000000	37000000	97.2422
29000000	38000000	51.5248
29000000	39000000	48.8578
29000000	40000000	61.6890
29000000	41000000	46.5731
29000000	42000000	52.7848
29000000	43000000	44.0787
29000000	44000000	41.3954
29000000	45000000	57.5612
29000000	46000000	44.0250
29000000	47000000	96.7127
29000000	48000000	98.1292
29000000	49000000	96.8518
29000000	50000000	90.7690
29000000	51000000	56.0715
29000000	52000000	52.1051
29000000	53000000	44.8923
29000000	54000000	62.4204
29000000	55000000	57.0908
29000000	56000000	69.0896
29000000	57000000	66.0649
29000000	58000000	31.1591
29000000	59000000	38.7294
29000000	60000000	7.2819
30000000	1000000	24.0942
30000000	2000000	50.4291
30000000	3000000	50.3888
30000000	4000000	54.0402
30000000	5000000	44.8477
30000000	6000000	89.5609
30000000	7000000	56.3563
30000000	8000000	49.8648
30000000	9000000	55.4854
30000000	10000000	53.0860
30000000	11000000	61.0009
30000000	12000000	75.5109
30000000	13000000	53.6896
30000000	14000000	70.9237
30000000	15000000	68.9574
30000000	16000000	76.4638
30000000	17000000	71.8463
30000000	18000000	62.7762
30000000	19000000	68.9181
30000000	20000000	77.8660
30000000	21000000	72.2880
30000000	22000000	74.6839
30000000	23000000	81.1954
30000000	24000000	79.6104
30000000	25000000	104.4047
30000000	26000000	93.5347
30000000	27000000	82.5138
30000000	28000000	162.7563
30000000	29000000	530.0537
30000000	30000000	1986.3075
30000000	31000000	934.9213
30000000	32000000	108.5428
30000000	33000000	62.8600
30000000	34000000	84.0082
30000000	35000000	77.1555
30000000	36000000	74.6587
30000000	37000000	75.6640
30000000	38000000	52.2503
30000000	39000000	67.7265
30000000	40000000	65.9935
30000000	41000000	56.9639
30000000	42000000	63.4820
30000000	43000000	55.9446
30000000	44000000	49.2820
30000000	45000000	65.5333
30000000	46000000	37.3468
30000000	47000000	66.0608
30000000	48000000	55.6754
30000000	49000000	48.1817
30000000	50000000	65.0196
30000000	51000000	45.8818
30000000	52000000	40.1876
30000000	53000000	44.0020
30000000	54000000	51.0096
30000000	55000000	52.9055
30000000	56000000	47.7576
30000000	57000000	41.9416
30000000	58000000	31.1490
30000000	59000000	44.6001
30000000	60000000	8.0974
31000000	1000000	31.5554
31000000	2000000	69.3814
31000000	3000000	62.6170
31000000	4000000	75.4828
31000000	5000000	62.1994
31000000	6000000	90.5694
31000000	7000000	69.0590
31000000	8000000	65.0729
31000000	9000000	93.4566
31000000	10000000	90.9986
31000000	11000000	83.9231
31000000	12000000	89.3472
31000000	13000000	62.6979
31000000	14000000	94.5927
31000000	15000000	83.4732
31000000	16000000	74.6603
31000000	17000000	112.2262
31000000	18000000	96.5393
31000000	19000000	106.0590
31000000	20000000	97.9213
31000000	21000000	109.6990
31000000	22000000	124.4469
31000000	23000000	125.6512
31000000	24000000	128.5618
31000000	25000000	117.3516
31000000	26000000	136.8681
31000000	27000000	144.2118
31000000	28000000	175.1104
31000000	29000000	372.7082
31000000	30000000	934.9213
31000000	31000000	4791.4704
31000000	32000000	840.8688
31000000	33000000	181.1223
31000000	34000000	99.5670
31000000	35000000	88.3427
31000000	36000000	95.2858
31000000	37000000	142.9953
31000000	38000000	77.8899
31000000	39000000	74.2446
31000000	40000000	110.7743
31000000	41000000	72.5857
31000000	42000000	88.8938
31000000	43000000	76.1851
31000000	44000000	71.2832
31000000	45000000	80.5193
31000000	46000000	64.5294
31000000	47000000	111.3437
31000000	48000000	121.4594
31000000	49000000	112.1271
31000000	50000000	99.1925
31000000	51000000	69.0151
31000000	52000000	73.5931
31000000	53000000	56.3147
31000000	54000000	76.0757
31000000	55000000	69.7823
31000000	56000000	91.3017
31000000	57000000	78.8112
31000000	58000000	38.3432
31000000	59000000	54.5291
31000000	60000000	9.8936
32000000	1000000	18.2314
32000000	2000000	47.2748
32000000	3000000	43.0608
32000000	4000000	45.9404
32000000	5000000	34.8295
32000000	6000000	67.4523
32000000	7000000	47.0921
32000000	8000000	50.6345
32000000	9000000	54.5168
32000000	10000000	62.8964
32000000	11000000	56.5533
32000000	12000000	69.0437
32000000	13000000	45.3424
32000000	14000000	58.6677
32000000	15000000	61.2759
32000000	16000000	51.9014
32000000	17000000	63.1038
32000000	18000000	68.6309
32000000	19000000	76.7711
32000000	20000000	61.9097
32000000	21000000	73.4157
32000000	22000000	82.9688
32000000	23000000	77.2281
32000000	24000000	90.6027
32000000	25000000	70.9749
32000000	26000000	73.1098
32000000	27000000	81.7141
32000000	28000000	86.6206
32000000	29000000	136.8530
32000000	30000000	108.5428
32000000	31000000	840.8688
32000000	32000000	2785.7355
32000000	33000000	372.6879
32000000	34000000	100.1769
32000000	35000000	77.4473
32000000	36000000	84.9132
32000000	37000000	106.8510
32000000	38000000	63.7546
32000000	39000000	64.9727
32000000	40000000	76.2810
32000000	41000000	63.1791
32000000	42000000	74.2243
32000000	43000000	61.6997
32000000	44000000	61.6357
32000000	45000000	69.8084
32000000	46000000	41.6011
32000000	47000000	96.6983
32000000	48000000	95.3762
32000000	49000000	92.0241
32000000	50000000	83.1696
32000000	51000000	53.4748
32000000	52000000	59.4434
32000000	53000000	42.4057
32000000	54000000	59.1023
32000000	55000000	53.8598
32000000	56000000	77.7405
32000000	57000000	73.2728
32000000	58000000	34.9134
32000000	59000000	41.9232
32000000	60000000	8.5186
33000000	1000000	20.4841
33000000	2000000	40.8046
33000000	3000000	40.1608
33000000	4000000	30.5621
33000000	5000000	31.2214
33000000	6000000	47.6765
33000000	7000000	42.8274
33000000	8000000	37.5405
33000000	9000000	53.3968
33000000	10000000	49.1736
33000000	11000000	47.3289
33000000	12000000	45.8413
33000000	13000000	35.1496
33000000	14000000	55.0028
33000000	15000000	44.4481
33000000	16000000	41.2556
33000000	17000000	64.3619
33000000	18000000	54.6731
33000000	19000000	59.2893
33000000	20000000	63.2469
33000000	21000000	60.9431
33000000	22000000	70.1819
33000000	23000000	64.5357
33000000	24000000	68.8769
33000000	25000000	68.0442
33000000	26000000	64.0197
33000000	27000000	79.4349
33000000	28000000	69.2128
33000000	29000000	93.4995
33000000	30000000	62.8600
33000000	31000000	181.1223
33000000	32000000	372.6879
33000000	33000000	2598.2885
33000000	34000000	492.3610
33000000	35000000	122.3026
33000000	36000000	129.3021
33000000	37000000	125.1884
33000000	38000000	59.0746
33000000	39000000	61.8637
33000000	40000000	72.1083
33000000	41000000	55.3125
33000000	42000000	66.1912
33000000	43000000	60.3179
33000000	44000000	50.8813
33000000	45000000	55.0272
33000000	46000000	53.4070
33000000	47000000	97.4977
33000000	48000000	87.5994
33000000	49000000	102.3026
33000000	50000000	84.6939
33000000	51000000	46.9639
33000000	52000000	55.4023
33000000	53000000	55.0462
33000000	54000000	68.8671
33000000	55000000	53.6611
33000000	56000000	79.9941
33000000	57000000	66.4765
33000000	58000000	34.7803
33000000	59000000	39.6939
33000000	60000000	7.7768
34000000	1000000	18.5198
34000000	2000000	35.0767
34000000	3000000	37.7761
34000000	4000000	38.3846
34000000	5000000	37.9335
34000000	6000000	58.8959
34000000	7000000	43.6210
34000000	8000000	31.7650
34000000	9000000	43.0767
34000000	10000000	38.7763
34000000	11000000	33.5147
34000000	12000000	48.3568
34000000	13000000	41.2480
34000000	14000000	38.1968
34000000	15000000	61.8344
34000000	16000000	62.4342
34000000	17000000	53.7518
34000000	18000000	60.4686
34000000	19000000	68.5408
34000000	20000000	65.2174
34000000	21000000	64.8195
34000000	22000000	59.0411
34000000	23000000	69.5300
34000000	24000000	66.1825
34000000	25000000	77.3734
34000000	26000000	73.9399
34000000	27000000	54.5965
34000000	28000000	63.7790
34000000	29000000	69.7590
34000000	30000000	84.0082
34000000	31000000	99.5670
34000000	32000000	100.1769
34000000	33000000	492.3610
34000000	34000000	2307.3055
34000000	35000000	618.4009
34000000	36000000	269.1273
34000000	37000000	131.3018
34000000	38000000	86.2814
34000000	39000000	77.2408
34000000	40000000	88.9881
34000000	41000000	74.6421
34000000	42000000	69.7639
34000000	43000000	62.8598
34000000	44000000	73.4074
34000000	45000000	86.5990
34000000	46000000	62.8738
34000000	47000000	84.0422
34000000	48000000	74.0978
34000000	49000000	68.1920
34000000	50000000	86.2837
34000000	51000000	65.6573
34000000	52000000	61.0052
34000000	53000000	66.3257
34000000	54000000	73.6495
34000000	55000000	62.4158
34000000	56000000	62.2891
34000000	57000000	72.9143
34000000	58000000	45.1478
34000000	59000000	56.5606
34000000	60000000	8.7089
35000000	1000000	17.6115
35000000	2000000	36.1177
35000000	3000000	34.2842
35000000	4000000	42.6330
35000000	5000000	35.8660
35000000	6000000	67.7949
35000000	7000000	45.5814
35000000	8000000	45.4432
35000000	9000000	46.8482
35000000	10000000	39.5047
35000000	11000000	43.9457
35000000	12000000	52.4504
35000000	13000000	51.1079
35000000	14000000	55.5662
35000000	15000000	55.6330
35000000	16000000	59.2228
35000000	17000000	59.2189
35000000	18000000	65.2134
35000000	19000000	63.0536
35000000	20000000	71.1828
35000000	21000000	63.7935
35000000	22000000	63.8918
35000000	23000000	61.0264
35000000	24000000	68.8586
35000000	25000000	79.0323
35000000	26000000	69.0048
35000000	27000000	50.3456
35000000	28000000	85.7532
35000000	29000000	76.3763
35000000	30000000	77.1555
35000000	31000000	88.3427
35000000	32000000	77.4473
35000000	33000000	122.3026
35000000	34000000	618.4009
35000000	35000000	1789.6816
35000000	36000000	764.3062
35000000	37000000	194.5307
35000000	38000000	103.6064
35000000	39000000	106.6368
35000000	40000000	90.0093
35000000	41000000	86.9495
35000000	42000000	85.3453
35000000	43000000	66.7954
35000000	44000000	86.0510
35000000	45000000	81.4603
35000000	46000000	86.9771
35000000	47000000	108.1771
35000000	48000000	73.0820
35000000	49000000	71.2911
35000000	50000000	91.4288
35000000	51000000	75.5283
35000000	52000000	67.4253
35000000	53000000	77.6115
35000000	54000000	84.3667
35000000	55000000	74.9145
35000000	56000000	69.4045
35000000	57000000	83.7656
35000000	58000000	64.1991
35000000	59000000	66.8639
35000000	60000000	9.6136
36000000	1000000	18.9276
36000000	2000000	38.9491
36000000	3000000	33.8739
36000000	4000000	41.4642
36000000	5000000	35.7698
36000000	6000000	61.0086
36000000	7000000	40.0617
36000000	8000000	39.0084
36000000	9000000	44.2793
36000000	10000000	39.4990
36000000	11000000	45.2224
36000000	12000000	53.4425
36000000	13000000	38.2331
36000000	14000000	62.7518
36000000	15000000	65.6553
36000000	16000000	60.0396
36000000	17000000	65.3613
36000000	18000000	67.9631
36000000	19000000	69.7938
36000000	20000000	73.0104
36000000	21000000	71.7067
36000000	22000000	75.1669
36000000	23000000	76.4187
36000000	24000000	86.7244
36000000	25000000	76.8690
36000000	26000000	80.4043
36000000	27000000	71.5720
36000000	28000000	82.5360
36000000	29000000	95.1687
36000000	30000000	74.6587
36000000	31000000	95.2858
36000000	32000000	84.9132
36000000	33000000	129.3021
36000000	34000000	269.1273
36000000	35000000	764.3062
36000000	36000000	2265.4043
36000000	37000000	672.8268
36000000	38000000	139.4817
36000000	39000000	122.8693
36000000	40000000	116.0245
36000000	41000000	82.4177
36000000	42000000	85.7584
36000000	43000000	61.4058
36000000	44000000	76.5247
36000000	45000000	89.4560
36000000	46000000	84.4222
36000000	47000000	127.1318
36000000	48000000	102.0517
36000000	49000000	99.1372
36000000	50000000	111.2444
36000000	51000000	89.6910
36000000	52000000	89.8304
36000000	53000000	75.0039
36000000	54000000	86.2474
36000000	55000000	82.3951
36000000	56000000	91.3719
36000000	57000000	98.9757
36000000	58000000	52.9638
36000000	59000000	66.6855
36000000	60000000	8.6132
37000000	1000000	30.6266
37000000	2000000	63.5159
37000000	3000000	54.6183
37000000	4000000	58.1828
37000000	5000000	49.0514
37000000	6000000	70.1865
37000000	7000000	64.3823
37000000	8000000	53.2506
37000000	9000000	78.9993
37000000	10000000	69.8155
37000000	11000000	73.7925
37000000	12000000	75.1841
37000000	13000000	62.4241
37000000	14000000	72.3988
37000000	15000000	84.2485
37000000	16000000	59.4287
37000000	17000000	87.9626
37000000	18000000	81.9393
37000000	19000000	88.1135
37000000	20000000	84.3633
37000000	21000000	76.5017
37000000	22000000	82.6955
37000000	23000000	76.1127
37000000	24000000	82.8367
37000000	25000000	83.7238
37000000	26000000	72.1058
37000000	27000000	73.2402
37000000	28000000	68.9558
37000000	29000000	97.2422
37000000	30000000	75.6640
37000000	31000000	142.9953
37000000	32000000	106.8510
37000000	33000000	125.1884
37000000	34000000	131.3018
37000000	35000000	194.5307
37000000	36000000	672.8268
37000000	37000000	4738.2664
37000000	38000000	785.8187
37000000	39000000	273.1052
37000000	40000000	237.4781
37000000	41000000	142.4297
37000000	42000000	166.9853
37000000	43000000	114.0633
37000000	44000000	128.4362
37000000	45000000	169.7371
37000000	46000000	95.2403
37000000	47000000	143.1820
37000000	48000000	121.2996
37000000	49000000	115.4806
37000000	50000000	147.8566
37000000	51000000	123.9526
37000000	52000000	123.3612
37000000	53000000	118.1492
37000000	54000000	135.5744
37000000	55000000	122.2608
37000000	56000000	147.3276
37000000	57000000	134.8689
37000000	58000000	94.6752
37000000	59000000	121.4258
37000000	60000000	27.8355
38000000	1000000	16.0874
38000000	2000000	39.0258
38000000	3000000	40.2082
38000000	4000000	38.8585
38000000	5000000	41.4796
38000000	6000000	58.4757
38000000	7000000	45.3480
38000000	8000000	46.0081
38000000	9000000	44.6621
38000000	10000000	44.8030
38000000	11000000	39.0178
38000000	12000000	44.5953
38000000	13000000	54.6985
38000000	14000000	45.6288
38000000	15000000	58.2117
38000000	16000000	65.5442
38000000	17000000	51.0497
38000000	18000000	63.4786
38000000	19000000	56.9677
38000000	20000000	56.2939
38000000	21000000	46.1887
38000000	22000000	47.4641
38000000	23000000	46.4188
38000000	24000000	46.2486
38000000	25000000	41.3412
38000000	26000000	47.6598
38000000	27000000	37.4105
38000000	28000000	35.5776
38000000	29000000	51.5248
38000000	30000000	52.2503
38000000	31000000	77.8899
38000000	32000000	63.7546
38000000	33000000	59.0746
38000000	34000000	86.2814
38000000	35000000	103.6064
38000000	36000000	139.4817
38000000	37000000	785.8187
38000000	38000000	2332.7538
38000000	39000000	914.6848
38000000	40000000	325.7744
38000000	41000000	136.8920
38000000	42000000	127.8087
38000000	43000000	82.4489
38000000	44000000	86.5399
38000000	45000000	102.9816
38000000	46000000	65.8437
38000000	47000000	83.1326
38000000	48000000	65.8890
38000000	49000000	60.0727
38000000	50000000	91.5641
38000000	51000000	83.7254
38000000	52000000	97.9804
38000000	53000000	91.4667
38000000	54000000	96.8265
38000000	55000000	83.7975
38000000	56000000	69.0297
38000000	57000000	93.0208
38000000	58000000	66.6215
38000000	59000000	102.7919
38000000	60000000	14.1053
39000000	1000000	19.2956
39000000	2000000	40.8384
39000000	3000000	35.3556
39000000	4000000	42.5844
39000000	5000000	41.4604
39000000	6000000	63.8990
39000000	7000000	44.9848
39000000	8000000	45.6549
39000000	9000000	51.6239
39000000	10000000	44.0831
39000000	11000000	44.8271
39000000	12000000	47.9769
39000000	13000000	48.2940
39000000	14000000	52.8357
39000000	15000000	55.3283
39000000	16000000	55.0649
39000000	17000000	52.9385
39000000	18000000	49.6503
39000000	19000000	49.3782
39000000	20000000	58.7405
39000000	21000000	49.2890
39000000	22000000	50.4349
39000000	23000000	45.0038
39000000	24000000	45.1332
39000000	25000000	46.9371
39000000	26000000	40.8100
39000000	27000000	34.3237
39000000	28000000	40.9716
39000000	29000000	48.8578
39000000	30000000	67.7265
39000000	31000000	74.2446
39000000	32000000	64.9727
39000000	33000000	61.8637
39000000	34000000	77.2408
39000000	35000000	106.6368
39000000	36000000	122.8693
39000000	37000000	273.1052
39000000	38000000	914.6848
39000000	39000000	2917.7326
39000000	40000000	897.2890
39000000	41000000	189.7151
39000000	42000000	164.7437
39000000	43000000	91.7500
39000000	44000000	104.5207
39000000	45000000	104.0768
39000000	46000000	61.5939
39000000	47000000	85.8198
39000000	48000000	68.3157
39000000	49000000	60.7251
39000000	50000000	101.1773
39000000	51000000	83.6896
39000000	52000000	99.8352
39000000	53000000	95.3244
39000000	54000000	106.3648
39000000	55000000	89.2912
39000000	56000000	77.1704
39000000	57000000	85.1534
39000000	58000000	72.6818
39000000	59000000	93.2533
39000000	60000000	10.4542
40000000	1000000	15.6635
40000000	2000000	42.2638
40000000	3000000	40.8557
40000000	4000000	41.4708
40000000	5000000	33.9093
40000000	6000000	71.6108
40000000	7000000	45.6854
40000000	8000000	47.0579
40000000	9000000	53.2337
40000000	10000000	46.0037
40000000	11000000	46.8197
40000000	12000000	56.0393
40000000	13000000	52.3695
40000000	14000000	54.8780
40000000	15000000	55.8590
40000000	16000000	63.0343
40000000	17000000	59.2081
40000000	18000000	61.2945
40000000	19000000	63.2884
40000000	20000000	65.5767
40000000	21000000	52.8240
40000000	22000000	58.5063
40000000	23000000	52.9521
40000000	24000000	51.8424
40000000	25000000	52.5898
40000000	26000000	49.0001
40000000	27000000	39.5849
40000000	28000000	43.7013
40000000	29000000	61.6890
40000000	30000000	65.9935
40000000	31000000	110.7743
40000000	32000000	76.2810
40000000	33000000	72.1083
40000000	34000000	88.9881
40000000	35000000	90.0093
40000000	36000000	116.0245
40000000	37000000	237.4781
40000000	38000000	325.7744
40000000	39000000	897.2890
40000000	40000000	3161.7668
40000000	41000000	770.6856
40000000	42000000	312.4857
40000000	43000000	143.1643
40000000	44000000	119.9234
40000000	45000000	137.3583
40000000	46000000	84.8426
40000000	47000000	105.2749
40000000	48000000	85.7755
40000000	49000000	81.3550
40000000	50000000	112.6202
40000000	51000000	103.4028
40000000	52000000	118.6916
40000000	53000000	116.5016
40000000	54000000	118.7315
40000000	55000000	118.7306
40000000	56000000	99.3845
40000000	57000000	106.4570
40000000	58000000	82.6594
40000000	59000000	112.1916
40000000	60000000	17.0352
41000000	1000000	12.7737
41000000	2000000	39.2406
41000000	3000000	31.9932
41000000	4000000	44.2063
41000000	5000000	35.3629
41000000	6000000	52.2276
41000000	7000000	43.0518
41000000	8000000	41.5955
41000000	9000000	42.7672
41000000	10000000	35.1471
41000000	11000000	39.0904
41000000	12000000	40.3765
41000000	13000000	45.0665
41000000	14000000	43.3968
41000000	15000000	45.3594
41000000	16000000	61.9920
41000000	17000000	40.8445
41000000	18000000	41.9549
41000000	19000000	44.8220
41000000	20000000	51.0513
41000000	21000000	42.5588
41000000	22000000	42.6936
41000000	23000000	41.5687
41000000	24000000	45.8798
41000000	25000000	38.0513
41000000	26000000	40.7475
41000000	27000000	31.6173
41000000	28000000	32.9276
41000000	29000000	46.5731
41000000	30000000	56.9639
41000000	31000000	72.5857
41000000	32000000	63.1791
41000000	33000000	55.3125
41000000	34000000	74.6421
41000000	35000000	86.9495
41000000	36000000	82.4177
41000000	37000000	142.4297
41000000	38000000	136.8920
41000000	39000000	189.7151
41000000	40000000	770.6856
41000000	41000000	2875.9412
41000000	42000000	946.5570
41000000	43000000	175.4878
41000000	44000000	154.9307
41000000	45000000	132.6059
41000000	46000000	66.9543
41000000	47000000	82.6443
41000000	48000000	65.8704
41000000	49000000	66.8209
41000000	50000000	91.8108
41000000	51000000	92.6516
41000000	52000000	104.7078
41000000	53000000	104.8661
41000000	54000000	115.5860
41000000	55000000	99.7604
41000000	56000000	72.6066
41000000	57000000	87.1804
41000000	58000000	88.0999
41000000	59000000	98.1203
41000000	60000000	12.2187
42000000	1000000	20.9787
42000000	2000000	40.3280
42000000	3000000	40.4916
42000000	4000000	44.8711
42000000	5000000	38.9516
42000000	6000000	66.7718
42000000	7000000	43.4313
42000000	8000000	39.0946
42000000	9000000	52.4435
42000000	10000000	46.5968
42000000	11000000	44.6063
42000000	12000000	45.2878
42000000	13000000	49.4858
42000000	14000000	56.8056
42000000	15000000	52.0270
42000000	16000000	57.1545
42000000	17000000	60.5009
42000000	18000000	49.0433
42000000	19000000	50.3778
42000000	20000000	60.7915
42000000	21000000	48.2591
42000000	22000000	55.9619
42000000	23000000	49.7638
42000000	24000000	47.5312
42000000	25000000	51.5940
42000000	26000000	51.1425
42000000	27000000	37.4519
42000000	28000000	44.5481
42000000	29000000	52.7848
42000000	30000000	63.4820
42000000	31000000	88.8938
42000000	32000000	74.2243
42000000	33000000	66.1912
42000000	34000000	69.7639
42000000	35000000	85.3453
42000000	36000000	85.7584
42000000	37000000	166.9853
42000000	38000000	127.8087
42000000	39000000	164.7437
42000000	40000000	312.4857
42000000	41000000	946.5570
42000000	42000000	3053.5483
42000000	43000000	852.1146
42000000	44000000	436.5342
42000000	45000000	244.4253
42000000	46000000	106.1618
42000000	47000000	110.3705
42000000	48000000	81.5720
42000000	49000000	72.7487
42000000	50000000	105.6963
42000000	51000000	104.2872
42000000	52000000	124.3907
42000000	53000000	118.3767
42000000	54000000	125.3368
42000000	55000000	117.3412
42000000	56000000	93.3179
42000000	57000000	105.1671
42000000	58000000	89.5548
42000000	59000000	112.8811
42000000	60000000	17.7311
43000000	1000000	17.3817
43000000	2000000	37.9513
43000000	3000000	32.2429
43000000	4000000	33.0631
43000000	5000000	30.7292
43000000	6000000	51.4772
43000000	7000000	33.2517
43000000	8000000	35.0032
43000000	9000000	40.1250
43000000	10000000	30.9734
43000000	11000000	37.6559
43000000	12000000	45.2272
43000000	13000000	38.1587
43000000	14000000	39.5945
43000000	15000000	42.7005
43000000	16000000	51.2699
43000000	17000000	41.7408
43000000	18000000	40.7065
43000000	19000000	44.3274
43000000	20000000	51.5382
43000000	21000000	45.5326
43000000	22000000	38.4216
43000000	23000000	34.1282
43000000	24000000	37.8303
43000000	25000000	39.8450
43000000	26000000	37.9765
43000000	27000000	34.9917
43000000	28000000	28.1754
43000000	29000000	44.0787
43000000	30000000	55.9446
43000000	31000000	76.1851
43000000	32000000	61.6997
43000000	33000000	60.3179
43000000	34000000	62.8598
43000000	35000000	66.7954
43000000	36000000	61.4058
43000000	37000000	114.0633
43000000	38000000	82.4489
43000000	39000000	91.7500
43000000	40000000	143.1643
43000000	41000000	175.4878
43000000	42000000	852.1146
43000000	43000000	2544.9206
43000000	44000000	938.9883
43000000	45000000	328.1931
43000000	46000000	110.1570
43000000	47000000	116.8013
43000000	48000000	72.6423
43000000	49000000	61.6482
43000000	50000000	90.4387
43000000	51000000	81.2667
43000000	52000000	95.9980
43000000	53000000	90.7975
43000000	54000000	101.4379
43000000	55000000	98.0331
43000000	56000000	74.0274
43000000	57000000	96.9585
43000000	58000000	71.9494
43000000	59000000	92.9130
43000000	60000000	14.7582
44000000	1000000	16.3131
44000000	2000000	31.0681
44000000	3000000	33.3374
44000000	4000000	39.5870
44000000	5000000	35.7880
44000000	6000000	58.2837
44000000	7000000	38.3909
44000000	8000000	42.4950
44000000	9000000	45.1796
44000000	10000000	31.8834
44000000	11000000	37.7971
44000000	12000000	36.0025
44000000	13000000	43.4233
44000000	14000000	41.3186
44000000	15000000	47.2823
44000000	16000000	50.9380
44000000	17000000	41.8646
44000000	18000000	44.8629
44000000	19000000	44.0672
44000000	20000000	46.1680
44000000	21000000	46.7803
44000000	22000000	44.4196
44000000	23000000	46.6484
44000000	24000000	40.5086
44000000	25000000	45.8994
44000000	26000000	35.8233
44000000	27000000	34.3210
44000000	28000000	37.9918
44000000	29000000	41.3954
44000000	30000000	49.2820
44000000	31000000	71.2832
44000000	32000000	61.6357
44000000	33000000	50.8813
44000000	34000000	73.4074
44000000	35000000	86.0510
44000000	36000000	76.5247
44000000	37000000	128.4362
44000000	38000000	86.5399
44000000	39000000	104.5207
44000000	40000000	119.9234
44000000	41000000	154.9307
44000000	42000000	436.5342
44000000	43000000	938.9883
44000000	44000000	2809.2702
44000000	45000000	954.1145
44000000	46000000	167.7269
44000000	47000000	134.1979
44000000	48000000	82.3032
44000000	49000000	55.4736
44000000	50000000	87.7374
44000000	51000000	86.0305
44000000	52000000	97.7016
44000000	53000000	106.9918
44000000	54000000	112.9373
44000000	55000000	112.2401
44000000	56000000	82.4878
44000000	57000000	91.1713
44000000	58000000	80.9038
44000000	59000000	101.3578
44000000	60000000	14.3683
45000000	1000000	15.8190
45000000	2000000	36.7443
45000000	3000000	37.6576
45000000	4000000	45.0733
45000000	5000000	37.4673
45000000	6000000	60.6168
45000000	7000000	50.3294
45000000	8000000	40.9347
45000000	9000000	47.4179
45000000	10000000	39.7985
45000000	11000000	43.3651
45000000	12000000	48.6301
45000000	13000000	50.6283
45000000	14000000	51.4989
45000000	15000000	56.1855
45000000	16000000	50.1662
45000000	17000000	61.7749
45000000	18000000	56.5705
45000000	19000000	56.1553
45000000	20000000	63.1372
45000000	21000000	54.4278
45000000	22000000	49.0274
45000000	23000000	48.3340
45000000	24000000	54.0779
45000000	25000000	50.6335
45000000	26000000	45.2374
45000000	27000000	44.0410
45000000	28000000	41.8157
45000000	29000000	57.5612
45000000	30000000	65.5333
45000000	31000000	80.5193
45000000	32000000	69.8084
45000000	33000000	55.0272
45000000	34000000	86.5990
45000000	35000000	81.4603
45000000	36000000	89.4560
45000000	37000000	169.7371
45000000	38000000	102.9816
45000000	39000000	104.0768
45000000	40000000	137.3583
45000000	41000000	132.6059
45000000	42000000	244.4253
45000000	43000000	328.1931
45000000	44000000	954.1145
45000000	45000000	3189.9220
45000000	46000000	495.0034
45000000	47000000	257.5778
45000000	48000000	120.9701
45000000	49000000	85.6412
45000000	50000000	125.8389
45000000	51000000	109.1495
45000000	52000000	124.7530
45000000	53000000	117.9642
45000000	54000000	127.7517
45000000	55000000	125.7997
45000000	56000000	96.4482
45000000	57000000	107.1954
45000000	58000000	91.8759
45000000	59000000	116.7635
45000000	60000000	16.1755
46000000	1000000	10.5780
46000000	2000000	33.4889
46000000	3000000	21.4068
46000000	4000000	27.3890
46000000	5000000	24.5742
46000000	6000000	46.2765
46000000	7000000	32.2311
46000000	8000000	32.4328
46000000	9000000	29.4136
46000000	10000000	25.7480
46000000	11000000	31.0349
46000000	12000000	35.9556
46000000	13000000	28.2972
46000000	14000000	30.0087
46000000	15000000	36.3198
46000000	16000000	31.7575
46000000	17000000	34.4808
46000000	18000000	39.1762
46000000	19000000	37.4280
46000000	20000000	40.4315
46000000	21000000	41.8312
46000000	22000000	35.9715
46000000	23000000	44.1097
46000000	24000000	44.5398
46000000	25000000	36.3673
46000000	26000000	37.4574
46000000	27000000	34.3126
46000000	28000000	40.2867
46000000	29000000	44.0250
46000000	30000000	37.3468
46000000	31000000	64.5294
46000000	32000000	41.6011
46000000	33000000	53.4070
46000000	34000000	62.8738
46000000	35000000	86.9771
46000000	36000000	84.4222
46000000	37000000	95.2403
46000000	38000000	65.8437
46000000	39000000	61.5939
46000000	40000000	84.8426
46000000	41000000	66.9543
46000000	42000000	106.1618
46000000	43000000	110.1570
46000000	44000000	167.7269
46000000	45000000	495.0034
46000000	46000000	1458.2886
46000000	47000000	639.3279
46000000	48000000	143.2568
46000000	49000000	92.1163
46000000	50000000	88.8715
46000000	51000000	68.1675
46000000	52000000	80.8981
46000000	53000000	65.7611
46000000	54000000	73.7810
46000000	55000000	70.6439
46000000	56000000	73.6597
46000000	57000000	82.8895
46000000	58000000	65.9896
46000000	59000000	65.2801
46000000	60000000	13.6249
47000000	1000000	14.7459
47000000	2000000	40.9172
47000000	3000000	34.3140
47000000	4000000	35.6510
47000000	5000000	31.3830
47000000	6000000	55.1611
47000000	7000000	44.0765
47000000	8000000	35.2632
47000000	9000000	41.7664
47000000	10000000	49.7412
47000000	11000000	48.9159
47000000	12000000	53.9906
47000000	13000000	39.2035
47000000	14000000	53.1671
47000000	15000000	55.4694
47000000	16000000	48.2261
47000000	17000000	63.5378
47000000	18000000	66.0916
47000000	19000000	68.2651
47000000	20000000	65.5156
47000000	21000000	65.6363
47000000	22000000	78.3375
47000000	23000000	77.4198
47000000	24000000	82.2660
47000000	25000000	65.9691
47000000	26000000	70.7387
47000000	27000000	63.8429
47000000	28000000	88.2200
47000000	29000000	96.7127
47000000	30000000	66.0608
47000000	31000000	111.3437
47000000	32000000	96.6983
47000000	33000000	97.4977
47000000	34000000	84.0422
47000000	35000000	108.1771
47000000	36000000	127.1318
47000000	37000000	143.1820
47000000	38000000	83.1326
47000000	39000000	85.8198
47000000	40000000	105.2749
47000000	41000000	82.6443
47000000	42000000	110.3705
47000000	43000000	116.8013
47000000	44000000	134.1979
47000000	45000000	257.5778
47000000	46000000	639.3279
47000000	47000000	2866.3219
47000000	48000000	739.5640
47000000	49000000	222.4069
47000000	50000000	184.5268
47000000	51000000	109.0424
47000000	52000000	118.2427
47000000	53000000	85.2667
47000000	54000000	100.9931
47000000	55000000	100.1970
47000000	56000000	149.6679
47000000	57000000	133.1463
47000000	58000000	58.2145
47000000	59000000	76.0591
47000000	60000000	12.2443
48000000	1000000	13.5718
48000000	2000000	39.8651
48000000	3000000	34.2903
48000000	4000000	39.7851
48000000	5000000	32.8474
48000000	6000000	53.2096
48000000	7000000	39.2238
48000000	8000000	36.5996
48000000	9000000	45.4982
48000000	10000000	45.9741
48000000	11000000	53.7398
48000000	12000000	51.5677
48000000	13000000	34.2876
48000000	14000000	44.3326
48000000	15000000	48.2444
48000000	16000000	39.1075
48000000	17000000	59.2081
48000000	18000000	57.8395
48000000	19000000	59.9355
48000000	20000000	60.8210
48000000	21000000	63.8721
48000000	22000000	81.7870
48000000	23000000	75.0888
48000000	24000000	85.0868
48000000	25000000	69.6438
48000000	26000000	84.2652
48000000	27000000	89.1713
48000000	28000000	87.8576
48000000	29000000	98.1292
48000000	30000000	55.6754
48000000	31000000	121.4594
48000000	32000000	95.3762
48000000	33000000	87.5994
48000000	34000000	74.0978
48000000	35000000	73.0820
48000000	36000000	102.0517
48000000	37000000	121.2996
48000000	38000000	65.8890
48000000	39000000	68.3157
48000000	40000000	85.7755
48000000	41000000	65.8704
48000000	42000000	81.5720
48000000	43000000	72.6423
48000000	44000000	82.3032
48000000	45000000	120.9701
48000000	46000000	143.2568
48000000	47000000	739.5640
48000000	48000000	3395.9976
48000000	49000000	784.2307
48000000	50000000	227.2948
48000000	51000000	97.9418
48000000	52000000	101.3283
48000000	53000000	72.0461
48000000	54000000	95.1077
48000000	55000000	77.6575
48000000	56000000	146.0788
48000000	57000000	132.2308
48000000	58000000	54.1343
48000000	59000000	74.7256
48000000	60000000	10.9939
49000000	1000000	20.6994
49000000	2000000	38.1994
49000000	3000000	29.3347
49000000	4000000	33.6683
49000000	5000000	32.0181
49000000	6000000	55.4685
49000000	7000000	37.2860
49000000	8000000	35.5306
49000000	9000000	45.0566
49000000	10000000	52.1123
49000000	11000000	47.6010
49000000	12000000	46.3443
49000000	13000000	30.6280
49000000	14000000	37.5757
49000000	15000000	41.1324
49000000	16000000	39.3638
49000000	17000000	59.8891
49000000	18000000	57.6912
49000000	19000000	59.3820
49000000	20000000	58.7643
49000000	21000000	59.2982
49000000	22000000	75.2980
49000000	23000000	82.3286
49000000	24000000	91.2780
49000000	25000000	74.5937
49000000	26000000	85.5205
49000000	27000000	107.4869
49000000	28000000	91.3264
49000000	29000000	96.8518
49000000	30000000	48.1817
49000000	31000000	112.1271
49000000	32000000	92.0241
49000000	33000000	102.3026
49000000	34000000	68.1920
49000000	35000000	71.2911
49000000	36000000	99.1372
49000000	37000000	115.4806
49000000	38000000	60.0727
49000000	39000000	60.7251
49000000	40000000	81.3550
49000000	41000000	66.8209
49000000	42000000	72.7487
49000000	43000000	61.6482
49000000	44000000	55.4736
49000000	45000000	85.6412
49000000	46000000	92.1163
49000000	47000000	222.4069
49000000	48000000	784.2307
49000000	49000000	3930.6083
49000000	50000000	736.2971
49000000	51000000	126.3378
49000000	52000000	114.8891
49000000	53000000	75.7629
49000000	54000000	105.8811
49000000	55000000	84.3538
49000000	56000000	161.5979
49000000	57000000	120.5689
49000000	58000000	45.4879
49000000	59000000	65.8155
49000000	60000000	12.7677
50000000	1000000	24.4615
50000000	2000000	37.4383
50000000	3000000	34.2090
50000000	4000000	39.8437
50000000	5000000	34.0147
50000000	6000000	51.4006
50000000	7000000	36.3071
50000000	8000000	42.1473
50000000	9000000	38.3985
50000000	10000000	43.4039
50000000	11000000	48.6312
50000000	12000000	45.0533
50000000	13000000	29.2181
50000000	14000000	51.0323
50000000	15000000	49.7331
50000000	16000000	39.3930
50000000	17000000	56.9328
50000000	18000000	56.9029
50000000	19000000	49.5684
50000000	20000000	63.6433
50000000	21000000	51.9467
50000000	22000000	69.1511
50000000	23000000	77.3191
50000000	24000000	74.2165
50000000	25000000	72.0886
50000000	26000000	68.2560
50000000	27000000	69.9793
50000000	28000000	66.1650
50000000	29000000	90.7690
50000000	30000000	65.0196
50000000	31000000	99.1925
50000000	32000000	83.1696
50000000	33000000	84.6939
50000000	34000000	86.2837
50000000	35000000	91.4288
50000000	36000000	111.2444
50000000	37000000	147.8566
50000000	38000000	91.5641
50000000	39000000	101.1773
50000000	40000000	112.6202
50000000	41000000	91.8108
50000000	42000000	105.6963
50000000	43000000	90.4387
50000000	44000000	87.7374
50000000	45000000	125.8389
50000000	46000000	88.8715
50000000	47000000	184.5268
50000000	48000000	227.2948
50000000	49000000	736.2971
50000000	50000000	3209.5106
50000000	51000000	799.6373
50000000	52000000	310.6761
50000000	53000000	149.7978
50000000	54000000	153.1207
50000000	55000000	126.8056
50000000	56000000	176.9208
50000000	57000000	149.5371
50000000	58000000	93.3807
50000000	59000000	115.6011
50000000	60000000	23.5663
51000000	1000000	12.2102
51000000	2000000	34.9342
51000000	3000000	31.9182
51000000	4000000	32.8606
51000000	5000000	30.5191
51000000	6000000	49.8287
51000000	7000000	33.8588
51000000	8000000	32.3340
51000000	9000000	38.2354
51000000	10000000	31.8723
51000000	11000000	38.8877
51000000	12000000	39.3561
51000000	13000000	31.7544
51000000	14000000	42.6674
51000000	15000000	37.9564
51000000	16000000	44.0024
51000000	17000000	43.9929
51000000	18000000	44.5614
51000000	19000000	40.4257
51000000	20000000	48.0352
51000000	21000000	40.9890
51000000	22000000	48.7737
51000000	23000000	46.8474
51000000	24000000	45.6556
51000000	25000000	40.5223
51000000	26000000	39.2762
51000000	27000000	38.4976
51000000	28000000	49.5910
51000000	29000000	56.0715
51000000	30000000	45.8818
51000000	31000000	69.0151
51000000	32000000	53.4748
51000000	33000000	46.9639
51000000	34000000	65.6573
51000000	35000000	75.5283
51000000	36000000	89.6910
51000000	37000000	123.9526
51000000	38000000	83.7254
51000000	39000000	83.6896
51000000	40000000	103.4028
51000000	41000000	92.6516
51000000	42000000	104.2872
51000000	43000000	81.2667
51000000	44000000	86.0305
51000000	45000000	109.1495
51000000	46000000	68.1675
51000000	47000000	109.0424
51000000	48000000	97.9418
51000000	49000000	126.3378
51000000	50000000	799.6373
51000000	51000000	2684.5138
51000000	52000000	627.7835
51000000	53000000	192.9022
51000000	54000000	159.9651
51000000	55000000	119.5999
51000000	56000000	111.6409
51000000	57000000	140.6321
51000000	58000000	98.4426
51000000	59000000	134.8626
51000000	60000000	28.5027
52000000	1000000	17.7524
52000000	2000000	26.4849
52000000	3000000	33.9821
52000000	4000000	33.9121
52000000	5000000	26.2219
52000000	6000000	43.6844
52000000	7000000	36.4522
52000000	8000000	34.8157
52000000	9000000	34.1301
52000000	10000000	35.2096
52000000	11000000	37.3057
52000000	12000000	35.1857
52000000	13000000	32.1556
52000000	14000000	40.7599
52000000	15000000	42.0566
52000000	16000000	33.4965
52000000	17000000	45.3154
52000000	18000000	47.5335
52000000	19000000	41.7658
52000000	20000000	38.9454
52000000	21000000	43.5475
52000000	22000000	45.0861
52000000	23000000	45.6032
52000000	24000000	46.8328
52000000	25000000	43.1017
52000000	26000000	39.7861
52000000	27000000	38.1371
52000000	28000000	39.9237
52000000	29000000	52.1051
52000000	30000000	40.1876
52000000	31000000	73.5931
52000000	32000000	59.4434
52000000	33000000	55.4023
52000000	34000000	61.0052
52000000	35000000	67.4253
52000000	36000000	89.8304
52000000	37000000	123.3612
52000000	38000000	97.9804
52000000	39000000	99.8352
52000000	40000000	118.6916
52000000	41000000	104.7078
52000000	42000000	124.3907
52000000	43000000	95.9980
52000000	44000000	97.7016
52000000	45000000	124.7530
52000000	46000000	80.8981
52000000	47000000	118.2427
52000000	48000000	101.3283
52000000	49000000	114.8891
52000000	50000000	310.6761
52000000	51000000	627.7835
52000000	52000000	2675.9982
52000000	53000000	875.0999
52000000	54000000	252.1983
52000000	55000000	154.3501
52000000	56000000	151.6553
52000000	57000000	147.8306
52000000	58000000	128.9497
52000000	59000000	167.1328
52000000	60000000	29.8788
53000000	1000000	13.8596
53000000	2000000	30.6011
53000000	3000000	24.7530
53000000	4000000	28.2993
53000000	5000000	27.6193
53000000	6000000	43.6799
53000000	7000000	37.5417
53000000	8000000	37.4611
53000000	9000000	33.6234
53000000	10000000	33.0382
53000000	11000000	34.1491
53000000	12000000	34.4843
53000000	13000000	32.4306
53000000	14000000	29.3957
53000000	15000000	38.6987
53000000	16000000	36.2410
53000000	17000000	41.3926
53000000	18000000	36.6763
53000000	19000000	40.7225
53000000	20000000	39.4035
53000000	21000000	38.0592
53000000	22000000	44.6541
53000000	23000000	36.7615
53000000	24000000	33.1821
53000000	25000000	37.9719
53000000	26000000	43.5102
53000000	27000000	32.8436
53000000	28000000	36.0614
53000000	29000000	44.8923
53000000	30000000	44.0020
53000000	31000000	56.3147
53000000	32000000	42.4057
53000000	33000000	55.0462
53000000	34000000	66.3257
53000000	35000000	77.6115
53000000	36000000	75.0039
53000000	37000000	118.1492
53000000	38000000	91.4667
53000000	39000000	95.3244
53000000	40000000	116.5016
53000000	41000000	104.8661
53000000	42000000	118.3767
53000000	43000000	90.7975
53000000	44000000	106.9918
53000000	45000000	117.9642
53000000	46000000	65.7611
53000000	47000000	85.2667
53000000	48000000	72.0461
53000000	49000000	75.7629
53000000	50000000	149.7978
53000000	51000000	192.9022
53000000	52000000	875.0999
53000000	53000000	2721.4104
53000000	54000000	632.2646
53000000	55000000	215.5093
53000000	56000000	151.5457
53000000	57000000	128.5209
53000000	58000000	135.7475
53000000	59000000	182.3148
53000000	60000000	26.5508
54000000	1000000	12.9064
54000000	2000000	34.4983
54000000	3000000	32.1542
54000000	4000000	31.8389
54000000	5000000	32.4484
54000000	6000000	53.6821
54000000	7000000	39.0535
54000000	8000000	35.5777
54000000	9000000	38.9197
54000000	10000000	31.5541
54000000	11000000	38.6609
54000000	12000000	38.6929
54000000	13000000	31.7552
54000000	14000000	35.9160
54000000	15000000	37.1630
54000000	16000000	41.5562
54000000	17000000	46.6969
54000000	18000000	42.9137
54000000	19000000	41.3510
54000000	20000000	44.5099
54000000	21000000	43.4951
54000000	22000000	41.1903
54000000	23000000	50.9352
54000000	24000000	44.9633
54000000	25000000	42.1034
54000000	26000000	46.4126
54000000	27000000	45.3046
54000000	28000000	42.1478
54000000	29000000	62.4204
54000000	30000000	51.0096
54000000	31000000	76.0757
54000000	32000000	59.1023
54000000	33000000	68.8671
54000000	34000000	73.6495
54000000	35000000	84.3667
54000000	36000000	86.2474
54000000	37000000	135.5744
54000000	38000000	96.8265
54000000	39000000	106.3648
54000000	40000000	118.7315
54000000	41000000	115.5860
54000000	42000000	125.3368
54000000	43000000	101.4379
54000000	44000000	112.9373
54000000	45000000	127.7517
54000000	46000000	73.7810
54000000	47000000	100.9931
54000000	48000000	95.1077
54000000	49000000	105.8811
54000000	50000000	153.1207
54000000	51000000	159.9651
54000000	52000000	252.1983
54000000	53000000	632.2646
54000000	54000000	3233.8944
54000000	55000000	852.8599
54000000	56000000	280.6237
54000000	57000000	195.6312
54000000	58000000	159.6442
54000000	59000000	195.3139
54000000	60000000	28.8479
55000000	1000000	13.2503
55000000	2000000	37.8027
55000000	3000000	32.4950
55000000	4000000	35.6684
55000000	5000000	33.1795
55000000	6000000	51.3277
55000000	7000000	36.6669
55000000	8000000	34.3195
55000000	9000000	43.5532
55000000	10000000	28.3269
55000000	11000000	35.5967
55000000	12000000	33.5933
55000000	13000000	37.4283
55000000	14000000	35.0514
55000000	15000000	38.9223
55000000	16000000	40.6968
55000000	17000000	36.4130
55000000	18000000	37.6948
55000000	19000000	42.8615
55000000	20000000	41.6707
55000000	21000000	42.0138
55000000	22000000	41.1467
55000000	23000000	43.8138
55000000	24000000	38.8892
55000000	25000000	38.9244
55000000	26000000	44.3875
55000000	27000000	37.2706
55000000	28000000	38.6508
55000000	29000000	57.0908
55000000	30000000	52.9055
55000000	31000000	69.7823
55000000	32000000	53.8598
55000000	33000000	53.6611
55000000	34000000	62.4158
55000000	35000000	74.9145
55000000	36000000	82.3951
55000000	37000000	122.2608
55000000	38000000	83.7975
55000000	39000000	89.2912
55000000	40000000	118.7306
55000000	41000000	99.7604
55000000	42000000	117.3412
55000000	43000000	98.0331
55000000	44000000	112.2401
55000000	45000000	125.7997
55000000	46000000	70.6439
55000000	47000000	100.1970
55000000	48000000	77.6575
55000000	49000000	84.3538
55000000	50000000	126.8056
55000000	51000000	119.5999
55000000	52000000	154.3501
55000000	53000000	215.5093
55000000	54000000	852.8599
55000000	55000000	3099.0050
55000000	56000000	795.4803
55000000	57000000	235.6107
55000000	58000000	201.6271
55000000	59000000	215.5180
55000000	60000000	30.6405
56000000	1000000	15.8126
56000000	2000000	31.2265
56000000	3000000	33.5684
56000000	4000000	33.7432
56000000	5000000	25.1659
56000000	6000000	46.1433
56000000	7000000	33.9162
56000000	8000000	32.7285
56000000	9000000	39.0994
56000000	10000000	34.5669
56000000	11000000	41.5554
56000000	12000000	37.3609
56000000	13000000	31.0164
56000000	14000000	39.4837
56000000	15000000	38.2389
56000000	16000000	33.7140
56000000	17000000	45.5052
56000000	18000000	38.6791
56000000	19000000	44.8815
56000000	20000000	44.6092
56000000	21000000	52.7041
56000000	22000000	57.6819
56000000	23000000	48.9316
56000000	24000000	51.7855
56000000	25000000	55.5847
56000000	26000000	46.3116
56000000	27000000	54.7866
56000000	28000000	47.5329
56000000	29000000	69.0896
56000000	30000000	47.7576
56000000	31000000	91.3017
56000000	32000000	77.7405
56000000	33000000	79.9941
56000000	34000000	62.2891
56000000	35000000	69.4045
56000000	36000000	91.3719
56000000	37000000	147.3276
56000000	38000000	69.0297
56000000	39000000	77.1704
56000000	40000000	99.3845
56000000	41000000	72.6066
56000000	42000000	93.3179
56000000	43000000	74.0274
56000000	44000000	82.4878
56000000	45000000	96.4482
56000000	46000000	73.6597
56000000	47000000	149.6679
56000000	48000000	146.0788
56000000	49000000	161.5979
56000000	50000000	176.9208
56000000	51000000	111.6409
56000000	52000000	151.6553
56000000	53000000	151.5457
56000000	54000000	280.6237
56000000	55000000	795.4803
56000000	56000000	3831.1951
56000000	57000000	788.4309
56000000	58000000	181.1923
56000000	59000000	179.5654
56000000	60000000	37.7976
57000000	1000000	17.8940
57000000	2000000	39.8608
57000000	3000000	30.0806
57000000	4000000	34.8835
57000000	5000000	26.4559
57000000	6000000	52.6525
57000000	7000000	38.3648
57000000	8000000	34.4248
57000000	9000000	34.6121
57000000	10000000	37.0487
57000000	11000000	36.4035
57000000	12000000	44.6043
57000000	13000000	30.9349
57000000	14000000	36.4477
57000000	15000000	40.0737
57000000	16000000	36.7063
57000000	17000000	41.7744
57000000	18000000	43.9486
57000000	19000000	41.6855
57000000	20000000	48.2738
57000000	21000000	43.8491
57000000	22000000	50.2076
57000000	23000000	55.9090
57000000	24000000	49.6074
57000000	25000000	33.9268
57000000	26000000	47.5398
57000000	27000000	45.3457
57000000	28000000	51.8245
57000000	29000000	66.0649
57000000	30000000	41.9416
57000000	31000000	78.8112
57000000	32000000	73.2728
57000000	33000000	66.4765
57000000	34000000	72.9143
57000000	35000000	83.7656
57000000	36000000	98.9757
57000000	37000000	134.8689
57000000	38000000	93.0208
57000000	39000000	85.1534
57000000	40000000	106.4570
57000000	41000000	87.1804
57000000	42000000	105.1671
57000000	43000000	96.9585
57000000	44000000	91.1713
57000000	45000000	107.1954
57000000	46000000	82.8895
57000000	47000000	133.1463
57000000	48000000	132.2308
57000000	49000000	120.5689
57000000	50000000	149.5371
57000000	51000000	140.6321
57000000	52000000	147.8306
57000000	53000000	128.5209
57000000	54000000	195.6312
57000000	55000000	235.6107
57000000	56000000	788.4309
57000000	57000000	3667.5713
57000000	58000000	722.5726
57000000	59000000	304.2172
57000000	60000000	41.9733
58000000	1000000	13.7599
58000000	2000000	29.2075
58000000	3000000	25.4104
58000000	4000000	28.4449
58000000	5000000	23.7703
58000000	6000000	36.0029
58000000	7000000	28.8675
58000000	8000000	28.3475
58000000	9000000	31.4169
58000000	10000000	24.6463
58000000	11000000	32.6549
58000000	12000000	28.8356
58000000	13000000	24.9725
58000000	14000000	25.4884
58000000	15000000	31.8569
58000000	16000000	25.9048
58000000	17000000	30.3638
58000000	18000000	25.8948
58000000	19000000	37.7904
58000000	20000000	31.3539
58000000	21000000	28.8807
58000000	22000000	27.1156
58000000	23000000	25.1722
58000000	24000000	25.0283
58000000	25000000	28.8175
58000000	26000000	22.9387
58000000	27000000	19.1165
58000000	28000000	25.7496
58000000	29000000	31.1591
58000000	30000000	31.1490
58000000	31000000	38.3432
58000000	32000000	34.9134
58000000	33000000	34.7803
58000000	34000000	45.1478
58000000	35000000	64.1991
58000000	36000000	52.9638
58000000	37000000	94.6752
58000000	38000000	66.6215
58000000	39000000	72.6818
58000000	40000000	82.6594
58000000	41000000	88.0999
58000000	42000000	89.5548
58000000	43000000	71.9494
58000000	44000000	80.9038
58000000	45000000	91.8759
58000000	46000000	65.9896
58000000	47000000	58.2145
58000000	48000000	54.1343
58000000	49000000	45.4879
58000000	50000000	93.3807
58000000	51000000	98.4426
58000000	52000000	128.9497
58000000	53000000	135.7475
58000000	54000000	159.6442
58000000	55000000	201.6271
58000000	56000000	181.1923
58000000	57000000	722.5726
58000000	58000000	2455.7171
58000000	59000000	592.5222
58000000	60000000	44.6081
59000000	1000000	11.6160
59000000	2000000	32.3854
59000000	3000000	35.4397
59000000	4000000	32.1838
59000000	5000000	35.5622
59000000	6000000	49.0568
59000000	7000000	31.0494
59000000	8000000	34.9488
59000000	9000000	40.1606
59000000	10000000	34.3274
59000000	11000000	35.5494
59000000	12000000	42.0013
59000000	13000000	37.7370
59000000	14000000	31.3016
59000000	15000000	34.7834
59000000	16000000	39.7603
59000000	17000000	41.2613
59000000	18000000	41.5443
59000000	19000000	36.2392
59000000	20000000	41.2649
59000000	21000000	27.9832
59000000	22000000	35.3240
59000000	23000000	34.7115
59000000	24000000	33.8158
59000000	25000000	42.9106
59000000	26000000	33.7516
59000000	27000000	33.9025
59000000	28000000	32.4644
59000000	29000000	38.7294
59000000	30000000	44.6001
59000000	31000000	54.5291
59000000	32000000	41.9232
59000000	33000000	39.6939
59000000	34000000	56.5606
59000000	35000000	66.8639
59000000	36000000	66.6855
59000000	37000000	121.4258
59000000	38000000	102.7919
59000000	39000000	93.2533
59000000	40000000	112.1916
59000000	41000000	98.1203
59000000	42000000	112.8811
59000000	43000000	92.9130
59000000	44000000	101.3578
59000000	45000000	116.7635
59000000	46000000	65.2801
59000000	47000000	76.0591
59000000	48000000	74.7256
59000000	49000000	65.8155
59000000	50000000	115.6011
59000000	51000000	134.8626
59000000	52000000	167.1328
59000000	53000000	182.3148
59000000	54000000	195.3139
59000000	55000000	215.5180
59000000	56000000	179.5654
59000000	57000000	304.2172
59000000	58000000	592.5222
59000000	59000000	3493.9116
59000000	60000000	332.1678
60000000	1000000	2.4035
60000000	2000000	5.8166
60000000	3000000	5.4608
60000000	4000000	3.9530
60000000	5000000	4.2150
60000000	6000000	7.7401
60000000	7000000	5.3016
60000000	8000000	5.3989
60000000	9000000	4.7490
60000000	10000000	5.4090
60000000	11000000	4.7012
60000000	12000000	5.4600
60000000	13000000	2.8296
60000000	14000000	5.8919
60000000	15000000	6.0192
60000000	16000000	6.7282
60000000	17000000	6.9978
60000000	18000000	6.8669
60000000	19000000	5.5304
60000000	20000000	5.2731
60000000	21000000	6.8922
60000000	22000000	5.2708
60000000	23000000	5.4991
60000000	24000000	6.8083
60000000	25000000	5.9270
60000000	26000000	4.5799
60000000	27000000	3.9637
60000000	28000000	5.8157
60000000	29000000	7.2819
60000000	30000000	8.0974
60000000	31000000	9.8936
60000000	32000000	8.5186
60000000	33000000	7.7768
60000000	34000000	8.7089
60000000	35000000	9.6136
60000000	36000000	8.6132
60000000	37000000	27.8355
60000000	38000000	14.1053
60000000	39000000	10.4542
60000000	40000000	17.0352
60000000	41000000	12.2187
60000000	42000000	17.7311
60000000	43000000	14.7582
60000000	44000000	14.3683
60000000	45000000	16.1755
60000000	46000000	13.6249
60000000	47000000	12.2443
60000000	48000000	10.9939
60000000	49000000	12.7677
60000000	50000000	23.5663
60000000	51000000	28.5027
60000000	52000000	29.8788
60000000	53000000	26.5508
60000000	54000000	28.8479
60000000	55000000	30.6405
60000000	56000000	37.7976
60000000	57000000	41.9733
60000000	58000000	44.6081
60000000	59000000	332.1678
60000000	60000000	135.7223
