1000000	1000000	2.0440
1000000	3000000	1.0220
1000000	4000000	11.2420
1000000	5000000	9.1980
1000000	6000000	10.2200
1000000	7000000	8.1760
1000000	8000000	6.1320
1000000	9000000	6.1320
1000000	10000000	14.3080
1000000	11000000	9.1980
1000000	12000000	3.0660
1000000	13000000	3.0660
1000000	14000000	2.0440
1000000	15000000	10.2200
1000000	16000000	3.0660
1000000	17000000	1.0220
1000000	18000000	7.1540
1000000	19000000	4.0880
1000000	20000000	3.0660
1000000	21000000	1.0220
1000000	22000000	4.0880
1000000	23000000	4.0880
1000000	24000000	4.0880
1000000	25000000	2.0440
1000000	26000000	1.0220
1000000	27000000	2.0440
1000000	28000000	1.0220
1000000	29000000	1.0220
1000000	30000000	1.0220
1000000	34000000	1.0220
1000000	36000000	1.0220
1000000	37000000	1.0220
1000000	39000000	2.0440
1000000	40000000	1.0220
1000000	41000000	3.0660
1000000	42000000	2.0440
1000000	43000000	3.0660
1000000	44000000	2.0440
1000000	45000000	3.0660
1000000	47000000	2.0440
1000000	48000000	2.0440
1000000	49000000	3.0660
1000000	50000000	2.0440
1000000	51000000	2.0440
1000000	52000000	1.0220
1000000	53000000	3.0660
1000000	54000000	2.0440
1000000	55000000	2.0440
1000000	56000000	1.0220
1000000	57000000	1.0220
1000000	58000000	1.0220
1000000	59000000	1.0220
1000000	60000000	3.0660
1000000	61000000	1.0220
2000000	2000000	16.3520
2000000	3000000	67.4517
2000000	4000000	34.7480
2000000	5000000	29.6380
2000000	6000000	30.6600
2000000	7000000	11.2420
2000000	8000000	13.2860
2000000	9000000	14.3080
2000000	10000000	31.6820
2000000	11000000	25.5500
2000000	12000000	23.5060
2000000	13000000	6.1320
2000000	14000000	13.2860
2000000	15000000	10.2200
2000000	16000000	10.2200
2000000	17000000	15.3300
2000000	18000000	15.3300
2000000	19000000	19.4180
2000000	20000000	11.2420
2000000	21000000	1.0220
2000000	22000000	10.2200
2000000	23000000	11.2420
2000000	24000000	7.1540
2000000	25000000	17.3740
2000000	26000000	5.1100
2000000	27000000	2.0440
2000000	28000000	12.2640
2000000	29000000	4.0880
2000000	30000000	2.0440
2000000	31000000	3.0660
2000000	32000000	1.0220
2000000	33000000	4.0880
2000000	34000000	3.0660
2000000	35000000	4.0880
2000000	36000000	4.0880
2000000	37000000	4.0880
2000000	38000000	6.1320
2000000	39000000	6.1320
2000000	40000000	4.0880
2000000	41000000	3.0660
2000000	42000000	1.0220
2000000	43000000	8.1760
2000000	44000000	5.1100
2000000	45000000	6.1320
2000000	46000000	11.2420
2000000	47000000	6.1320
2000000	48000000	7.1540
2000000	49000000	6.1320
2000000	50000000	8.1760
2000000	51000000	14.3080
2000000	52000000	9.1980
2000000	53000000	4.0880
2000000	54000000	7.1540
2000000	55000000	4.0880
2000000	56000000	3.0660
2000000	57000000	3.0660
2000000	58000000	6.1320
2000000	59000000	11.2420
2000000	60000000	7.1540
2000000	61000000	10.2200
2000000	62000000	4.0880
3000000	1000000	1.0220
3000000	2000000	67.4517
3000000	3000000	171.6954
3000000	4000000	57.2320
3000000	5000000	59.2760
3000000	6000000	53.1440
3000000	7000000	45.9900
3000000	8000000	39.8580
3000000	9000000	44.9680
3000000	10000000	121.6178
3000000	11000000	68.4740
3000000	12000000	42.9240
3000000	13000000	33.7260
3000000	14000000	48.0340
3000000	15000000	39.8580
3000000	16000000	29.6380
3000000	17000000	39.8580
3000000	18000000	48.0340
3000000	19000000	35.7700
3000000	20000000	40.8800
3000000	21000000	5.1100
3000000	22000000	19.4180
3000000	23000000	28.6160
3000000	24000000	21.4620
3000000	25000000	24.5280
3000000	26000000	16.3520
3000000	27000000	13.2860
3000000	28000000	18.3960
3000000	29000000	17.3740
3000000	30000000	10.2200
3000000	31000000	9.1980
3000000	32000000	7.1540
3000000	33000000	16.3520
3000000	34000000	11.2420
3000000	35000000	8.1760
3000000	36000000	12.2640
3000000	37000000	16.3520
3000000	38000000	15.3300
3000000	39000000	18.3960
3000000	40000000	15.3300
3000000	41000000	14.3080
3000000	42000000	21.4620
3000000	43000000	15.3300
3000000	44000000	10.2200
3000000	45000000	23.5060
3000000	46000000	18.3960
3000000	47000000	11.2420
3000000	48000000	18.3960
3000000	49000000	32.7040
3000000	50000000	18.3960
3000000	51000000	23.5060
3000000	52000000	20.4400
3000000	53000000	20.4400
3000000	54000000	18.3960
3000000	55000000	14.3080
3000000	56000000	20.4400
3000000	57000000	19.4180
3000000	58000000	16.3520
3000000	59000000	19.4180
3000000	60000000	14.3080
3000000	61000000	23.5060
3000000	62000000	10.2200
4000000	1000000	11.2420
4000000	2000000	34.7480
4000000	3000000	57.2320
4000000	4000000	1943.0092
4000000	5000000	766.8684
4000000	6000000	356.3939
4000000	7000000	143.4068
4000000	8000000	110.3063
4000000	9000000	117.7454
4000000	10000000	136.1394
4000000	11000000	98.2444
4000000	12000000	69.8488
4000000	13000000	68.1718
4000000	14000000	93.3920
4000000	15000000	73.7947
4000000	16000000	69.4515
4000000	17000000	80.8972
4000000	18000000	70.3720
4000000	19000000	57.3093
4000000	20000000	41.9451
4000000	21000000	32.5662
4000000	22000000	89.4447
4000000	23000000	56.6129
4000000	24000000	53.5211
4000000	25000000	49.2970
4000000	26000000	39.8187
4000000	27000000	37.1935
4000000	28000000	39.1799
4000000	29000000	27.1460
4000000	30000000	21.7741
4000000	31000000	22.3071
4000000	32000000	20.1647
4000000	33000000	20.1757
4000000	34000000	19.3590
4000000	35000000	15.9862
4000000	36000000	19.6527
4000000	37000000	18.4772
4000000	38000000	32.6767
4000000	39000000	43.8068
4000000	40000000	26.0195
4000000	41000000	27.1582
4000000	42000000	27.0991
4000000	43000000	25.7754
4000000	44000000	27.6396
4000000	45000000	33.9360
4000000	46000000	37.9559
4000000	47000000	33.6252
4000000	48000000	31.8056
4000000	49000000	51.4349
4000000	50000000	43.2220
4000000	51000000	45.9359
4000000	52000000	37.9685
4000000	53000000	37.1992
4000000	54000000	30.8983
4000000	55000000	26.1050
4000000	56000000	30.1811
4000000	57000000	27.6549
4000000	58000000	32.1750
4000000	59000000	39.1225
4000000	60000000	32.2635
4000000	61000000	41.1103
4000000	62000000	19.1328
5000000	1000000	9.1980
5000000	2000000	29.6380
5000000	3000000	59.2760
5000000	4000000	766.8684
5000000	5000000	2301.4204
5000000	6000000	851.5751
5000000	7000000	241.8999
5000000	8000000	129.8209
5000000	9000000	124.4886
5000000	10000000	89.6890
5000000	11000000	81.1626
5000000	12000000	71.3710
5000000	13000000	40.6481
5000000	14000000	85.4852
5000000	15000000	71.6111
5000000	16000000	53.5684
5000000	17000000	71.2031
5000000	18000000	82.9685
5000000	19000000	72.6993
5000000	20000000	56.2584
5000000	21000000	38.9307
5000000	22000000	83.8247
5000000	23000000	58.7105
5000000	24000000	47.7607
5000000	25000000	50.4342
5000000	26000000	29.0129
5000000	27000000	29.3618
5000000	28000000	31.5587
5000000	29000000	28.1773
5000000	30000000	19.2767
5000000	31000000	22.6318
5000000	32000000	21.0156
5000000	33000000	19.0534
5000000	34000000	24.8137
5000000	35000000	18.3127
5000000	36000000	19.9666
5000000	37000000	25.1621
5000000	38000000	29.0573
5000000	39000000	35.8418
5000000	40000000	34.2024
5000000	41000000	33.4852
5000000	42000000	31.8647
5000000	43000000	28.8221
5000000	44000000	31.1181
5000000	45000000	37.4809
5000000	46000000	50.5718
5000000	47000000	43.9371
5000000	48000000	36.5093
5000000	49000000	52.1231
5000000	50000000	44.7852
5000000	51000000	46.9896
5000000	52000000	44.1228
5000000	53000000	44.4411
5000000	54000000	39.0688
5000000	55000000	40.2550
5000000	56000000	32.4282
5000000	57000000	38.0160
5000000	58000000	32.7568
5000000	59000000	37.1433
5000000	60000000	35.2238
5000000	61000000	38.4360
5000000	62000000	26.5631
6000000	1000000	10.2200
6000000	2000000	30.6600
6000000	3000000	53.1440
6000000	4000000	356.3939
6000000	5000000	851.5751
6000000	6000000	2731.9672
6000000	7000000	713.0160
6000000	8000000	218.8028
6000000	9000000	186.2530
6000000	10000000	122.2526
6000000	11000000	100.1950
6000000	12000000	84.1130
6000000	13000000	77.7038
6000000	14000000	99.2320
6000000	15000000	92.3265
6000000	16000000	87.9603
6000000	17000000	90.1005
6000000	18000000	83.7568
6000000	19000000	84.2105
6000000	20000000	66.6314
6000000	21000000	50.6885
6000000	22000000	111.3669
6000000	23000000	79.7070
6000000	24000000	69.7424
6000000	25000000	57.2699
6000000	26000000	36.4018
6000000	27000000	47.9834
6000000	28000000	45.0270
6000000	29000000	32.2868
6000000	30000000	32.3903
6000000	31000000	29.4708
6000000	32000000	28.5480
6000000	33000000	28.3429
6000000	34000000	24.3392
6000000	35000000	25.9577
6000000	36000000	22.3841
6000000	37000000	29.7553
6000000	38000000	33.6381
6000000	39000000	53.1780
6000000	40000000	33.7678
6000000	41000000	29.1775
6000000	42000000	33.3404
6000000	43000000	33.0855
6000000	44000000	33.5516
6000000	45000000	39.9554
6000000	46000000	43.5504
6000000	47000000	42.8212
6000000	48000000	43.7640
6000000	49000000	55.2850
6000000	50000000	51.9088
6000000	51000000	56.8535
6000000	52000000	47.9562
6000000	53000000	43.5883
6000000	54000000	36.5948
6000000	55000000	33.8181
6000000	56000000	35.1083
6000000	57000000	30.5799
6000000	58000000	40.1646
6000000	59000000	45.7540
6000000	60000000	40.1662
6000000	61000000	50.5493
6000000	62000000	24.9592
7000000	1000000	8.1760
7000000	2000000	11.2420
7000000	3000000	45.9900
7000000	4000000	143.4068
7000000	5000000	241.8999
7000000	6000000	713.0160
7000000	7000000	2326.4049
7000000	8000000	610.6979
7000000	9000000	303.0209
7000000	10000000	111.6068
7000000	11000000	88.2426
7000000	12000000	64.3035
7000000	13000000	45.8907
7000000	14000000	90.0529
7000000	15000000	65.9069
7000000	16000000	57.4783
7000000	17000000	76.1624
7000000	18000000	91.9356
7000000	19000000	68.6759
7000000	20000000	68.2041
7000000	21000000	36.6507
7000000	22000000	94.3918
7000000	23000000	53.9294
7000000	24000000	55.5811
7000000	25000000	54.6073
7000000	26000000	41.4766
7000000	27000000	33.2700
7000000	28000000	40.0079
7000000	29000000	29.6548
7000000	30000000	21.2178
7000000	31000000	17.8308
7000000	32000000	20.8952
7000000	33000000	19.6060
7000000	34000000	22.3713
7000000	35000000	21.4456
7000000	36000000	21.4034
7000000	37000000	18.2929
7000000	38000000	28.7207
7000000	39000000	40.8661
7000000	40000000	37.2348
7000000	41000000	28.8378
7000000	42000000	27.0966
7000000	43000000	32.4576
7000000	44000000	34.0175
7000000	45000000	44.5926
7000000	46000000	50.3239
7000000	47000000	42.7497
7000000	48000000	39.9958
7000000	49000000	48.9641
7000000	50000000	39.1523
7000000	51000000	46.7830
7000000	52000000	44.0595
7000000	53000000	42.4889
7000000	54000000	36.5423
7000000	55000000	33.5457
7000000	56000000	34.3429
7000000	57000000	38.1731
7000000	58000000	33.1670
7000000	59000000	37.9342
7000000	60000000	33.6400
7000000	61000000	39.3461
7000000	62000000	25.9694
8000000	1000000	6.1320
8000000	2000000	13.2860
8000000	3000000	39.8580
8000000	4000000	110.3063
8000000	5000000	129.8209
8000000	6000000	218.8028
8000000	7000000	610.6979
8000000	8000000	2441.9936
8000000	9000000	734.3357
8000000	10000000	113.8305
8000000	11000000	79.9038
8000000	12000000	71.8885
8000000	13000000	49.7744
8000000	14000000	78.9852
8000000	15000000	72.0469
8000000	16000000	60.5063
8000000	17000000	68.1944
8000000	18000000	72.0299
8000000	19000000	68.1836
8000000	20000000	55.5041
8000000	21000000	41.2917
8000000	22000000	100.8511
8000000	23000000	50.4558
8000000	24000000	50.8915
8000000	25000000	58.5903
8000000	26000000	46.1487
8000000	27000000	32.5354
8000000	28000000	37.3762
8000000	29000000	25.8414
8000000	30000000	21.5382
8000000	31000000	24.2672
8000000	32000000	17.8734
8000000	33000000	21.3637
8000000	34000000	22.5839
8000000	35000000	17.9303
8000000	36000000	18.5637
8000000	37000000	19.4760
8000000	38000000	28.4670
8000000	39000000	31.8278
8000000	40000000	27.8067
8000000	41000000	26.7462
8000000	42000000	29.3573
8000000	43000000	33.8960
8000000	44000000	26.9050
8000000	45000000	34.3856
8000000	46000000	43.1049
8000000	47000000	33.3255
8000000	48000000	37.6769
8000000	49000000	47.3815
8000000	50000000	49.6729
8000000	51000000	41.7011
8000000	52000000	39.8471
8000000	53000000	35.7482
8000000	54000000	33.1121
8000000	55000000	34.8733
8000000	56000000	31.7518
8000000	57000000	36.9071
8000000	58000000	37.8227
8000000	59000000	38.2811
8000000	60000000	40.2780
8000000	61000000	39.9927
8000000	62000000	26.0686
9000000	1000000	6.1320
9000000	2000000	14.3080
9000000	3000000	44.9680
9000000	4000000	117.7454
9000000	5000000	124.4886
9000000	6000000	186.2530
9000000	7000000	303.0209
9000000	8000000	734.3357
9000000	9000000	2384.0020
9000000	10000000	315.8684
9000000	11000000	86.8536
9000000	12000000	79.0681
9000000	13000000	49.0661
9000000	14000000	94.7815
9000000	15000000	88.2137
9000000	16000000	65.6526
9000000	17000000	81.7783
9000000	18000000	90.5067
9000000	19000000	78.7469
9000000	20000000	63.9022
9000000	21000000	51.7749
9000000	22000000	100.4766
9000000	23000000	69.9132
9000000	24000000	56.4103
9000000	25000000	62.0377
9000000	26000000	36.5899
9000000	27000000	32.4290
9000000	28000000	36.1397
9000000	29000000	26.0103
9000000	30000000	27.4562
9000000	31000000	25.3485
9000000	32000000	23.3592
9000000	33000000	20.0267
9000000	34000000	21.8466
9000000	35000000	19.6055
9000000	36000000	19.1966
9000000	37000000	21.2734
9000000	38000000	31.0631
9000000	39000000	35.1255
9000000	40000000	40.8169
9000000	41000000	30.8402
9000000	42000000	31.5590
9000000	43000000	37.2019
9000000	44000000	33.3008
9000000	45000000	47.2717
9000000	46000000	54.3264
9000000	47000000	47.0598
9000000	48000000	49.7079
9000000	49000000	48.5522
9000000	50000000	51.7400
9000000	51000000	52.4044
9000000	52000000	38.0991
9000000	53000000	52.2181
9000000	54000000	35.6768
9000000	55000000	30.3334
9000000	56000000	30.1046
9000000	57000000	35.2486
9000000	58000000	36.3711
9000000	59000000	45.0878
9000000	60000000	36.6121
9000000	61000000	50.0642
9000000	62000000	27.1092
10000000	1000000	14.3080
10000000	2000000	31.6820
10000000	3000000	121.6178
10000000	4000000	136.1394
10000000	5000000	89.6890
10000000	6000000	122.2526
10000000	7000000	111.6068
10000000	8000000	113.8305
10000000	9000000	315.8684
10000000	10000000	2905.5293
10000000	11000000	604.5222
10000000	12000000	206.9052
10000000	13000000	158.2928
10000000	14000000	114.8095
10000000	15000000	141.9480
10000000	16000000	158.4877
10000000	17000000	131.0164
10000000	18000000	77.3628
10000000	19000000	75.8159
10000000	20000000	60.3705
10000000	21000000	37.0065
10000000	22000000	93.5842
10000000	23000000	89.4445
10000000	24000000	97.0987
10000000	25000000	59.2524
10000000	26000000	53.3640
10000000	27000000	71.9143
10000000	28000000	77.0040
10000000	29000000	50.4588
10000000	30000000	42.2102
10000000	31000000	39.2740
10000000	32000000	40.3512
10000000	33000000	35.8758
10000000	34000000	26.3286
10000000	35000000	32.2764
10000000	36000000	28.5383
10000000	37000000	28.9046
10000000	38000000	55.0929
10000000	39000000	68.1135
10000000	40000000	35.5837
10000000	41000000	26.9154
10000000	42000000	28.6061
10000000	43000000	45.2743
10000000	44000000	28.7640
10000000	45000000	38.4077
10000000	46000000	51.6430
10000000	47000000	41.8709
10000000	48000000	40.1539
10000000	49000000	56.3039
10000000	50000000	59.2908
10000000	51000000	64.1419
10000000	52000000	49.6139
10000000	53000000	42.1655
10000000	54000000	31.7116
10000000	55000000	37.8335
10000000	56000000	35.5224
10000000	57000000	31.9690
10000000	58000000	39.6844
10000000	59000000	60.4917
10000000	60000000	49.8741
10000000	61000000	55.4536
10000000	62000000	25.4251
11000000	1000000	9.1980
11000000	2000000	25.5500
11000000	3000000	68.4740
11000000	4000000	98.2444
11000000	5000000	81.1626
11000000	6000000	100.1950
11000000	7000000	88.2426
11000000	8000000	79.9038
11000000	9000000	86.8536
11000000	10000000	604.5222
11000000	11000000	2443.0006
11000000	12000000	759.9576
11000000	13000000	185.8439
11000000	14000000	193.9675
11000000	15000000	175.9844
11000000	16000000	141.1350
11000000	17000000	127.9820
11000000	18000000	88.4749
11000000	19000000	81.2358
11000000	20000000	65.3667
11000000	21000000	51.8298
11000000	22000000	122.6581
11000000	23000000	93.7138
11000000	24000000	81.8444
11000000	25000000	63.2684
11000000	26000000	43.0744
11000000	27000000	62.7244
11000000	28000000	61.4906
11000000	29000000	46.0804
11000000	30000000	40.7395
11000000	31000000	31.5337
11000000	32000000	41.0257
11000000	33000000	31.8645
11000000	34000000	32.6110
11000000	35000000	29.4932
11000000	36000000	26.0616
11000000	37000000	38.2053
11000000	38000000	45.6262
11000000	39000000	54.5081
11000000	40000000	36.7331
11000000	41000000	37.1375
11000000	42000000	29.8123
11000000	43000000	41.2874
11000000	44000000	37.7503
11000000	45000000	47.9735
11000000	46000000	46.5440
11000000	47000000	45.4011
11000000	48000000	42.6728
11000000	49000000	59.0802
11000000	50000000	53.6442
11000000	51000000	59.6378
11000000	52000000	47.0247
11000000	53000000	46.0625
11000000	54000000	43.3812
11000000	55000000	39.4687
11000000	56000000	37.8375
11000000	57000000	45.3608
11000000	58000000	40.2195
11000000	59000000	45.8579
11000000	60000000	53.0846
11000000	61000000	53.3941
11000000	62000000	23.9628
12000000	1000000	3.0660
12000000	2000000	23.5060
12000000	3000000	42.9240
12000000	4000000	69.8488
12000000	5000000	71.3710
12000000	6000000	84.1130
12000000	7000000	64.3035
12000000	8000000	71.8885
12000000	9000000	79.0681
12000000	10000000	206.9052
12000000	11000000	759.9576
12000000	12000000	2096.5781
12000000	13000000	550.0837
12000000	14000000	254.7834
12000000	15000000	197.9752
12000000	16000000	130.4232
12000000	17000000	129.6099
12000000	18000000	84.5121
12000000	19000000	64.8392
12000000	20000000	54.7827
12000000	21000000	36.3380
12000000	22000000	135.1823
12000000	23000000	87.9448
12000000	24000000	61.5880
12000000	25000000	57.7650
12000000	26000000	44.1407
12000000	27000000	46.4317
12000000	28000000	55.7457
12000000	29000000	43.9481
12000000	30000000	36.7330
12000000	31000000	31.9643
12000000	32000000	30.3892
12000000	33000000	38.6113
12000000	34000000	25.7676
12000000	35000000	27.8595
12000000	36000000	25.5479
12000000	37000000	29.4704
12000000	38000000	38.1241
12000000	39000000	59.3378
12000000	40000000	39.6492
12000000	41000000	32.2844
12000000	42000000	32.4571
12000000	43000000	37.7092
12000000	44000000	35.1899
12000000	45000000	42.4321
12000000	46000000	50.0279
12000000	47000000	36.7541
12000000	48000000	34.8608
12000000	49000000	54.9808
12000000	50000000	49.9735
12000000	51000000	52.9539
12000000	52000000	37.7619
12000000	53000000	37.4665
12000000	54000000	38.4212
12000000	55000000	38.5007
12000000	56000000	28.4026
12000000	57000000	35.0986
12000000	58000000	37.7252
12000000	59000000	43.3818
12000000	60000000	44.7143
12000000	61000000	46.6253
12000000	62000000	25.5634
13000000	1000000	3.0660
13000000	2000000	6.1320
13000000	3000000	33.7260
13000000	4000000	68.1718
13000000	5000000	40.6481
13000000	6000000	77.7038
13000000	7000000	45.8907
13000000	8000000	49.7744
13000000	9000000	49.0661
13000000	10000000	158.2928
13000000	11000000	185.8439
13000000	12000000	550.0837
13000000	13000000	2347.9129
13000000	14000000	638.5439
13000000	15000000	241.2233
13000000	16000000	160.5287
13000000	17000000	98.5517
13000000	18000000	51.5315
13000000	19000000	39.9509
13000000	20000000	35.0641
13000000	21000000	23.0493
13000000	22000000	73.9050
13000000	23000000	69.6202
13000000	24000000	71.7977
13000000	25000000	52.0469
13000000	26000000	40.8287
13000000	27000000	54.4458
13000000	28000000	68.2458
13000000	29000000	29.0005
13000000	30000000	34.1427
13000000	31000000	37.9021
13000000	32000000	33.7748
13000000	33000000	26.3567
13000000	34000000	23.4847
13000000	35000000	27.6548
13000000	36000000	19.9878
13000000	37000000	16.5244
13000000	38000000	48.0719
13000000	39000000	57.3507
13000000	40000000	28.0489
13000000	41000000	17.2754
13000000	42000000	22.1271
13000000	43000000	32.0443
13000000	44000000	26.2469
13000000	45000000	27.8633
13000000	46000000	31.7366
13000000	47000000	28.9376
13000000	48000000	31.5733
13000000	49000000	43.5233
13000000	50000000	46.0735
13000000	51000000	37.2475
13000000	52000000	34.5558
13000000	53000000	35.2155
13000000	54000000	34.4136
13000000	55000000	24.5888
13000000	56000000	26.1526
13000000	57000000	25.6938
13000000	58000000	29.6186
13000000	59000000	44.6544
13000000	60000000	42.7489
13000000	61000000	48.8579
13000000	62000000	15.3901
14000000	1000000	2.0440
14000000	2000000	13.2860
14000000	3000000	48.0340
14000000	4000000	93.3920
14000000	5000000	85.4852
14000000	6000000	99.2320
14000000	7000000	90.0529
14000000	8000000	78.9852
14000000	9000000	94.7815
14000000	10000000	114.8095
14000000	11000000	193.9675
14000000	12000000	254.7834
14000000	13000000	638.5439
14000000	14000000	2941.3952
14000000	15000000	779.0569
14000000	16000000	196.2204
14000000	17000000	174.2437
14000000	18000000	122.9814
14000000	19000000	94.1784
14000000	20000000	72.9387
14000000	21000000	56.3827
14000000	22000000	163.1743
14000000	23000000	93.8385
14000000	24000000	85.7696
14000000	25000000	62.4558
14000000	26000000	47.4370
14000000	27000000	57.4562
14000000	28000000	61.3818
14000000	29000000	53.9009
14000000	30000000	38.0603
14000000	31000000	44.0785
14000000	32000000	36.8940
14000000	33000000	35.8402
14000000	34000000	38.4811
14000000	35000000	36.0641
14000000	36000000	40.2321
14000000	37000000	40.7618
14000000	38000000	55.3018
14000000	39000000	59.7719
14000000	40000000	43.8770
14000000	41000000	42.2499
14000000	42000000	37.1823
14000000	43000000	45.1986
14000000	44000000	43.4460
14000000	45000000	44.5893
14000000	46000000	61.6072
14000000	47000000	54.6703
14000000	48000000	51.9415
14000000	49000000	63.4182
14000000	50000000	62.2853
14000000	51000000	66.7651
14000000	52000000	55.9590
14000000	53000000	57.4899
14000000	54000000	42.2391
14000000	55000000	41.3944
14000000	56000000	43.6531
14000000	57000000	46.1665
14000000	58000000	40.8792
14000000	59000000	56.4141
14000000	60000000	59.8577
14000000	61000000	59.7090
14000000	62000000	31.2066
15000000	1000000	10.2200
15000000	2000000	10.2200
15000000	3000000	39.8580
15000000	4000000	73.7947
15000000	5000000	71.6111
15000000	6000000	92.3265
15000000	7000000	65.9069
15000000	8000000	72.0469
15000000	9000000	88.2137
15000000	10000000	141.9480
15000000	11000000	175.9844
15000000	12000000	197.9752
15000000	13000000	241.2233
15000000	14000000	779.0569
15000000	15000000	2712.2454
15000000	16000000	614.7485
15000000	17000000	210.2395
15000000	18000000	98.5494
15000000	19000000	72.2691
15000000	20000000	66.7433
15000000	21000000	45.0218
15000000	22000000	162.4155
15000000	23000000	100.1150
15000000	24000000	83.3283
15000000	25000000	63.6070
15000000	26000000	50.7780
15000000	27000000	77.9339
15000000	28000000	76.2949
15000000	29000000	53.3062
15000000	30000000	38.2663
15000000	31000000	45.8983
15000000	32000000	38.2529
15000000	33000000	48.1084
15000000	34000000	40.8843
15000000	35000000	39.1069
15000000	36000000	34.9829
15000000	37000000	32.5956
15000000	38000000	59.8481
15000000	39000000	73.2959
15000000	40000000	42.2927
15000000	41000000	37.7566
15000000	42000000	36.2108
15000000	43000000	45.7420
15000000	44000000	31.5075
15000000	45000000	49.9472
15000000	46000000	51.7936
15000000	47000000	43.4336
15000000	48000000	44.4447
15000000	49000000	63.7657
15000000	50000000	55.9969
15000000	51000000	67.5321
15000000	52000000	49.3982
15000000	53000000	51.3565
15000000	54000000	37.5175
15000000	55000000	35.0855
15000000	56000000	36.4615
15000000	57000000	46.0053
15000000	58000000	39.3794
15000000	59000000	65.2410
15000000	60000000	59.7308
15000000	61000000	61.6165
15000000	62000000	27.9101
16000000	1000000	3.0660
16000000	2000000	10.2200
16000000	3000000	29.6380
16000000	4000000	69.4515
16000000	5000000	53.5684
16000000	6000000	87.9603
16000000	7000000	57.4783
16000000	8000000	60.5063
16000000	9000000	65.6526
16000000	10000000	158.4877
16000000	11000000	141.1350
16000000	12000000	130.4232
16000000	13000000	160.5287
16000000	14000000	196.2204
16000000	15000000	614.7485
16000000	16000000	3140.9144
16000000	17000000	526.0603
16000000	18000000	119.3893
16000000	19000000	79.1848
16000000	20000000	62.6802
16000000	21000000	42.5359
16000000	22000000	100.7421
16000000	23000000	104.7320
16000000	24000000	91.7896
16000000	25000000	56.1760
16000000	26000000	57.0669
16000000	27000000	89.9081
16000000	28000000	94.1752
16000000	29000000	55.9774
16000000	30000000	48.4198
16000000	31000000	52.8514
16000000	32000000	43.9352
16000000	33000000	45.9491
16000000	34000000	37.7651
16000000	35000000	38.3190
16000000	36000000	23.2466
16000000	37000000	34.6323
16000000	38000000	67.0358
16000000	39000000	88.9074
16000000	40000000	33.9414
16000000	41000000	31.6114
16000000	42000000	27.6005
16000000	43000000	38.2704
16000000	44000000	31.8033
16000000	45000000	39.5365
16000000	46000000	44.1377
16000000	47000000	35.4131
16000000	48000000	43.3681
16000000	49000000	67.8707
16000000	50000000	59.0857
16000000	51000000	56.5136
16000000	52000000	55.9165
16000000	53000000	47.9315
16000000	54000000	40.4392
16000000	55000000	38.1891
16000000	56000000	41.4680
16000000	57000000	36.8945
16000000	58000000	39.9363
16000000	59000000	60.4042
16000000	60000000	69.3437
16000000	61000000	60.2431
16000000	62000000	26.0048
17000000	1000000	1.0220
17000000	2000000	15.3300
17000000	3000000	39.8580
17000000	4000000	80.8972
17000000	5000000	71.2031
17000000	6000000	90.1005
17000000	7000000	76.1624
17000000	8000000	68.1944
17000000	9000000	81.7783
17000000	10000000	131.0164
17000000	11000000	127.9820
17000000	12000000	129.6099
17000000	13000000	98.5517
17000000	14000000	174.2437
17000000	15000000	210.2395
17000000	16000000	526.0603
17000000	17000000	2554.8580
17000000	18000000	707.7599
17000000	19000000	170.7904
17000000	20000000	123.6227
17000000	21000000	85.5529
17000000	22000000	170.2823
17000000	23000000	125.7799
17000000	24000000	94.5378
17000000	25000000	73.3083
17000000	26000000	59.8703
17000000	27000000	72.2080
17000000	28000000	71.9699
17000000	29000000	47.6759
17000000	30000000	44.9659
17000000	31000000	39.0244
17000000	32000000	40.5392
17000000	33000000	38.4346
17000000	34000000	39.1500
17000000	35000000	41.7657
17000000	36000000	41.3320
17000000	37000000	34.8551
17000000	38000000	53.8946
17000000	39000000	77.0600
17000000	40000000	44.4183
17000000	41000000	31.6058
17000000	42000000	40.5732
17000000	43000000	48.9934
17000000	44000000	43.5723
17000000	45000000	52.7178
17000000	46000000	57.5550
17000000	47000000	47.4934
17000000	48000000	45.0731
17000000	49000000	78.4562
17000000	50000000	79.4461
17000000	51000000	73.3566
17000000	52000000	68.1862
17000000	53000000	52.6064
17000000	54000000	39.8901
17000000	55000000	42.8093
17000000	56000000	36.4242
17000000	57000000	48.3620
17000000	58000000	40.5966
17000000	59000000	69.6418
17000000	60000000	63.2978
17000000	61000000	56.4130
17000000	62000000	32.3143
18000000	1000000	7.1540
18000000	2000000	15.3300
18000000	3000000	48.0340
18000000	4000000	70.3720
18000000	5000000	82.9685
18000000	6000000	83.7568
18000000	7000000	91.9356
18000000	8000000	72.0299
18000000	9000000	90.5067
18000000	10000000	77.3628
18000000	11000000	88.4749
18000000	12000000	84.5121
18000000	13000000	51.5315
18000000	14000000	122.9814
18000000	15000000	98.5494
18000000	16000000	119.3893
18000000	17000000	707.7599
18000000	18000000	2667.6672
18000000	19000000	585.9113
18000000	20000000	222.9437
18000000	21000000	117.3998
18000000	22000000	206.9290
18000000	23000000	93.0808
18000000	24000000	65.7861
18000000	25000000	66.4260
18000000	26000000	50.4011
18000000	27000000	45.4994
18000000	28000000	48.4992
18000000	29000000	42.5994
18000000	30000000	24.8683
18000000	31000000	25.2411
18000000	32000000	29.7095
18000000	33000000	33.4093
18000000	34000000	31.3040
18000000	35000000	30.9517
18000000	36000000	36.0718
18000000	37000000	40.8687
18000000	38000000	41.7729
18000000	39000000	59.6983
18000000	40000000	52.4062
18000000	41000000	53.1019
18000000	42000000	43.9470
18000000	43000000	56.6867
18000000	44000000	55.4187
18000000	45000000	89.7688
18000000	46000000	91.9357
18000000	47000000	79.4902
18000000	48000000	66.4302
18000000	49000000	72.3891
18000000	50000000	79.2708
18000000	51000000	80.9627
18000000	52000000	63.3641
18000000	53000000	67.7103
18000000	54000000	61.7732
18000000	55000000	52.9146
18000000	56000000	52.1104
18000000	57000000	55.5734
18000000	58000000	54.1808
18000000	59000000	52.1424
18000000	60000000	48.3124
18000000	61000000	55.4628
18000000	62000000	33.8666
19000000	1000000	4.0880
19000000	2000000	19.4180
19000000	3000000	35.7700
19000000	4000000	57.3093
19000000	5000000	72.6993
19000000	6000000	84.2105
19000000	7000000	68.6759
19000000	8000000	68.1836
19000000	9000000	78.7469
19000000	10000000	75.8159
19000000	11000000	81.2358
19000000	12000000	64.8392
19000000	13000000	39.9509
19000000	14000000	94.1784
19000000	15000000	72.2691
19000000	16000000	79.1848
19000000	17000000	170.7904
19000000	18000000	585.9113
19000000	19000000	2787.7576
19000000	20000000	610.7294
19000000	21000000	134.0121
19000000	22000000	192.2344
19000000	23000000	81.8312
19000000	24000000	62.3658
19000000	25000000	82.5349
19000000	26000000	52.3738
19000000	27000000	43.5146
19000000	28000000	40.7125
19000000	29000000	34.8386
19000000	30000000	27.4343
19000000	31000000	25.5656
19000000	32000000	18.3429
19000000	33000000	25.9422
19000000	34000000	37.1952
19000000	35000000	29.2386
19000000	36000000	34.8700
19000000	37000000	35.3996
19000000	38000000	38.8062
19000000	39000000	44.7061
19000000	40000000	48.9638
19000000	41000000	48.5966
19000000	42000000	47.6539
19000000	43000000	53.7814
19000000	44000000	50.5102
19000000	45000000	143.3847
19000000	46000000	101.5450
19000000	47000000	72.4096
19000000	48000000	75.9745
19000000	49000000	68.4317
19000000	50000000	65.1735
19000000	51000000	72.8023
19000000	52000000	62.4507
19000000	53000000	61.8231
19000000	54000000	54.8827
19000000	55000000	55.0543
19000000	56000000	55.0791
19000000	57000000	52.9032
19000000	58000000	42.6757
19000000	59000000	43.2143
19000000	60000000	43.9492
19000000	61000000	51.1260
19000000	62000000	36.2907
20000000	1000000	3.0660
20000000	2000000	11.2420
20000000	3000000	40.8800
20000000	4000000	41.9451
20000000	5000000	56.2584
20000000	6000000	66.6314
20000000	7000000	68.2041
20000000	8000000	55.5041
20000000	9000000	63.9022
20000000	10000000	60.3705
20000000	11000000	65.3667
20000000	12000000	54.7827
20000000	13000000	35.0641
20000000	14000000	72.9387
20000000	15000000	66.7433
20000000	16000000	62.6802
20000000	17000000	123.6227
20000000	18000000	222.9437
20000000	19000000	610.7294
20000000	20000000	2048.1510
20000000	21000000	245.3353
20000000	22000000	215.6700
20000000	23000000	96.8836
20000000	24000000	67.9859
20000000	25000000	80.8155
20000000	26000000	41.2387
20000000	27000000	38.1252
20000000	28000000	39.5989
20000000	29000000	30.6206
20000000	30000000	26.1389
20000000	31000000	27.9245
20000000	32000000	20.3536
20000000	33000000	27.2609
20000000	34000000	26.9143
20000000	35000000	29.6812
20000000	36000000	32.9715
20000000	37000000	34.3879
20000000	38000000	31.9762
20000000	39000000	48.1873
20000000	40000000	46.1293
20000000	41000000	48.4941
20000000	42000000	40.8497
20000000	43000000	48.0503
20000000	44000000	44.1810
20000000	45000000	48.8978
20000000	46000000	43.6799
20000000	47000000	49.1203
20000000	48000000	42.2667
20000000	49000000	48.5474
20000000	50000000	52.4774
20000000	51000000	51.1476
20000000	52000000	41.6292
20000000	53000000	44.1543
20000000	54000000	37.9486
20000000	55000000	34.7760
20000000	56000000	34.6834
20000000	57000000	39.1293
20000000	58000000	38.1913
20000000	59000000	38.6468
20000000	60000000	30.1530
20000000	61000000	37.8955
20000000	62000000	29.4526
21000000	1000000	1.0220
21000000	2000000	1.0220
21000000	3000000	5.1100
21000000	4000000	32.5662
21000000	5000000	38.9307
21000000	6000000	50.6885
21000000	7000000	36.6507
21000000	8000000	41.2917
21000000	9000000	51.7749
21000000	10000000	37.0065
21000000	11000000	51.8298
21000000	12000000	36.3380
21000000	13000000	23.0493
21000000	14000000	56.3827
21000000	15000000	45.0218
21000000	16000000	42.5359
21000000	17000000	85.5529
21000000	18000000	117.3998
21000000	19000000	134.0121
21000000	20000000	245.3353
21000000	21000000	156.6840
21000000	22000000	162.4997
21000000	23000000	98.8558
21000000	24000000	57.8786
21000000	25000000	43.8083
21000000	26000000	27.2315
21000000	27000000	20.7609
21000000	28000000	31.8125
21000000	29000000	31.3831
21000000	30000000	17.9136
21000000	31000000	8.2245
21000000	32000000	19.6923
21000000	33000000	18.9218
21000000	34000000	21.8351
21000000	35000000	17.6497
21000000	36000000	20.6958
21000000	37000000	31.5288
21000000	38000000	28.4619
21000000	39000000	32.6057
21000000	40000000	36.9582
21000000	41000000	40.3905
21000000	42000000	32.5712
21000000	43000000	28.9000
21000000	44000000	28.8239
21000000	45000000	25.1892
21000000	46000000	30.1319
21000000	47000000	25.4622
21000000	48000000	32.1970
21000000	49000000	37.7808
21000000	50000000	35.7643
21000000	51000000	30.3581
21000000	52000000	27.1499
21000000	53000000	21.7561
21000000	54000000	24.1072
21000000	55000000	18.9143
21000000	56000000	17.9687
21000000	57000000	18.2680
21000000	58000000	24.3358
21000000	59000000	21.5314
21000000	60000000	28.4141
21000000	61000000	27.9022
21000000	62000000	23.2682
22000000	1000000	4.0880
22000000	2000000	10.2200
22000000	3000000	19.4180
22000000	4000000	89.4447
22000000	5000000	83.8247
22000000	6000000	111.3669
22000000	7000000	94.3918
22000000	8000000	100.8511
22000000	9000000	100.4766
22000000	10000000	93.5842
22000000	11000000	122.6581
22000000	12000000	135.1823
22000000	13000000	73.9050
22000000	14000000	163.1743
22000000	15000000	162.4155
22000000	16000000	100.7421
22000000	17000000	170.2823
22000000	18000000	206.9290
22000000	19000000	192.2344
22000000	20000000	215.6700
22000000	21000000	162.4997
22000000	22000000	1853.9373
22000000	23000000	678.4914
22000000	24000000	180.7909
22000000	25000000	171.8422
22000000	26000000	120.8839
22000000	27000000	77.8912
22000000	28000000	65.5329
22000000	29000000	61.9794
22000000	30000000	50.9309
22000000	31000000	48.5506
22000000	32000000	50.0344
22000000	33000000	53.3082
22000000	34000000	68.7015
22000000	35000000	56.6988
22000000	36000000	57.2776
22000000	37000000	58.6440
22000000	38000000	60.5502
22000000	39000000	83.6378
22000000	40000000	107.7381
22000000	41000000	76.2560
22000000	42000000	91.4007
22000000	43000000	85.2356
22000000	44000000	84.9269
22000000	45000000	64.2114
22000000	46000000	79.0714
22000000	47000000	75.4180
22000000	48000000	68.0653
22000000	49000000	99.6697
22000000	50000000	79.6631
22000000	51000000	82.1776
22000000	52000000	71.3817
22000000	53000000	53.7754
22000000	54000000	70.3832
22000000	55000000	55.4368
22000000	56000000	60.7975
22000000	57000000	69.6835
22000000	58000000	67.3405
22000000	59000000	59.5323
22000000	60000000	57.7858
22000000	61000000	63.6275
22000000	62000000	39.4286
23000000	1000000	4.0880
23000000	2000000	11.2420
23000000	3000000	28.6160
23000000	4000000	56.6129
23000000	5000000	58.7105
23000000	6000000	79.7070
23000000	7000000	53.9294
23000000	8000000	50.4558
23000000	9000000	69.9132
23000000	10000000	89.4445
23000000	11000000	93.7138
23000000	12000000	87.9448
23000000	13000000	69.6202
23000000	14000000	93.8385
23000000	15000000	100.1150
23000000	16000000	104.7320
23000000	17000000	125.7799
23000000	18000000	93.0808
23000000	19000000	81.8312
23000000	20000000	96.8836
23000000	21000000	98.8558
23000000	22000000	678.4914
23000000	23000000	2346.7813
23000000	24000000	496.0973
23000000	25000000	159.1665
23000000	26000000	107.3200
23000000	27000000	95.9986
23000000	28000000	87.3131
23000000	29000000	52.2765
23000000	30000000	45.6341
23000000	31000000	44.3855
23000000	32000000	49.4816
23000000	33000000	49.4790
23000000	34000000	51.2832
23000000	35000000	41.4243
23000000	36000000	45.4912
23000000	37000000	36.4825
23000000	38000000	73.2486
23000000	39000000	92.7602
23000000	40000000	53.0950
23000000	41000000	46.4601
23000000	42000000	34.8945
23000000	43000000	57.8022
23000000	44000000	46.8536
23000000	45000000	48.0774
23000000	46000000	49.6848
23000000	47000000	40.1832
23000000	48000000	48.5167
23000000	49000000	59.6777
23000000	50000000	59.0089
23000000	51000000	57.2917
23000000	52000000	48.1036
23000000	53000000	45.9983
23000000	54000000	39.3249
23000000	55000000	40.9577
23000000	56000000	37.1105
23000000	57000000	34.4257
23000000	58000000	35.0678
23000000	59000000	54.2095
23000000	60000000	48.9212
23000000	61000000	47.6655
23000000	62000000	25.7928
24000000	1000000	4.0880
24000000	2000000	7.1540
24000000	3000000	21.4620
24000000	4000000	53.5211
24000000	5000000	47.7607
24000000	6000000	69.7424
24000000	7000000	55.5811
24000000	8000000	50.8915
24000000	9000000	56.4103
24000000	10000000	97.0987
24000000	11000000	81.8444
24000000	12000000	61.5880
24000000	13000000	71.7977
24000000	14000000	85.7696
24000000	15000000	83.3283
24000000	16000000	91.7896
24000000	17000000	94.5378
24000000	18000000	65.7861
24000000	19000000	62.3658
24000000	20000000	67.9859
24000000	21000000	57.8786
24000000	22000000	180.7909
24000000	23000000	496.0973
24000000	24000000	2930.5655
24000000	25000000	596.3755
24000000	26000000	137.3167
24000000	27000000	113.4161
24000000	28000000	105.5387
24000000	29000000	63.0053
24000000	30000000	50.6419
24000000	31000000	45.7999
24000000	32000000	47.1285
24000000	33000000	48.0918
24000000	34000000	45.6704
24000000	35000000	42.9908
24000000	36000000	37.3851
24000000	37000000	32.7982
24000000	38000000	74.0767
24000000	39000000	97.0816
24000000	40000000	50.8549
24000000	41000000	35.0721
24000000	42000000	40.3296
24000000	43000000	51.8109
24000000	44000000	44.4542
24000000	45000000	45.2365
24000000	46000000	48.8878
24000000	47000000	41.5729
24000000	48000000	41.4210
24000000	49000000	58.6942
24000000	50000000	66.0970
24000000	51000000	58.5661
24000000	52000000	44.9181
24000000	53000000	43.2732
24000000	54000000	35.5988
24000000	55000000	41.1684
24000000	56000000	35.5279
24000000	57000000	39.2474
24000000	58000000	36.3535
24000000	59000000	56.6304
24000000	60000000	52.9579
24000000	61000000	56.3839
24000000	62000000	24.1762
25000000	1000000	2.0440
25000000	2000000	17.3740
25000000	3000000	24.5280
25000000	4000000	49.2970
25000000	5000000	50.4342
25000000	6000000	57.2699
25000000	7000000	54.6073
25000000	8000000	58.5903
25000000	9000000	62.0377
25000000	10000000	59.2524
25000000	11000000	63.2684
25000000	12000000	57.7650
25000000	13000000	52.0469
25000000	14000000	62.4558
25000000	15000000	63.6070
25000000	16000000	56.1760
25000000	17000000	73.3083
25000000	18000000	66.4260
25000000	19000000	82.5349
25000000	20000000	80.8155
25000000	21000000	43.8083
25000000	22000000	171.8422
25000000	23000000	159.1665
25000000	24000000	596.3755
25000000	25000000	2355.7730
25000000	26000000	376.0327
25000000	27000000	104.2069
25000000	28000000	72.9699
25000000	29000000	53.8295
25000000	30000000	37.4537
25000000	31000000	31.6466
25000000	32000000	33.5257
25000000	33000000	32.8201
25000000	34000000	46.8119
25000000	35000000	39.8310
25000000	36000000	34.8449
25000000	37000000	44.4088
25000000	38000000	46.7763
25000000	39000000	62.6964
25000000	40000000	50.9571
25000000	41000000	50.2324
25000000	42000000	49.9564
25000000	43000000	61.4371
25000000	44000000	52.9126
25000000	45000000	50.2907
25000000	46000000	52.2424
25000000	47000000	47.4892
25000000	48000000	50.3738
25000000	49000000	62.7489
25000000	50000000	50.2943
25000000	51000000	62.8017
25000000	52000000	53.9287
25000000	53000000	50.7969
25000000	54000000	38.8998
25000000	55000000	44.6249
25000000	56000000	35.8127
25000000	57000000	44.6018
25000000	58000000	41.3695
25000000	59000000	44.6069
25000000	60000000	41.8950
25000000	61000000	42.0416
25000000	62000000	31.3554
26000000	1000000	1.0220
26000000	2000000	5.1100
26000000	3000000	16.3520
26000000	4000000	39.8187
26000000	5000000	29.0129
26000000	6000000	36.4018
26000000	7000000	41.4766
26000000	8000000	46.1487
26000000	9000000	36.5899
26000000	10000000	53.3640
26000000	11000000	43.0744
26000000	12000000	44.1407
26000000	13000000	40.8287
26000000	14000000	47.4370
26000000	15000000	50.7780
26000000	16000000	57.0669
26000000	17000000	59.8703
26000000	18000000	50.4011
26000000	19000000	52.3738
26000000	20000000	41.2387
26000000	21000000	27.2315
26000000	22000000	120.8839
26000000	23000000	107.3200
26000000	24000000	137.3167
26000000	25000000	376.0327
26000000	26000000	1388.9882
26000000	27000000	449.2752
26000000	28000000	113.6662
26000000	29000000	51.1261
26000000	30000000	33.3396
26000000	31000000	32.4885
26000000	32000000	33.0235
26000000	33000000	35.5812
26000000	34000000	36.0859
26000000	35000000	28.1554
26000000	36000000	29.0439
26000000	37000000	23.6334
26000000	38000000	44.0823
26000000	39000000	57.6345
26000000	40000000	35.5205
26000000	41000000	38.2269
26000000	42000000	30.2181
26000000	43000000	35.8272
26000000	44000000	39.4851
26000000	45000000	32.4522
26000000	46000000	36.8072
26000000	47000000	38.1286
26000000	48000000	30.9592
26000000	49000000	40.5367
26000000	50000000	42.6744
26000000	51000000	45.8485
26000000	52000000	39.9258
26000000	53000000	37.0195
26000000	54000000	38.0524
26000000	55000000	29.5240
26000000	56000000	28.3590
26000000	57000000	26.2619
26000000	58000000	26.9980
26000000	59000000	42.3956
26000000	60000000	40.9151
26000000	61000000	41.9852
26000000	62000000	21.3793
27000000	1000000	2.0440
27000000	2000000	2.0440
27000000	3000000	13.2860
27000000	4000000	37.1935
27000000	5000000	29.3618
27000000	6000000	47.9834
27000000	7000000	33.2700
27000000	8000000	32.5354
27000000	9000000	32.4290
27000000	10000000	71.9143
27000000	11000000	62.7244
27000000	12000000	46.4317
27000000	13000000	54.4458
27000000	14000000	57.4562
27000000	15000000	77.9339
27000000	16000000	89.9081
27000000	17000000	72.2080
27000000	18000000	45.4994
27000000	19000000	43.5146
27000000	20000000	38.1252
27000000	21000000	20.7609
27000000	22000000	77.8912
27000000	23000000	95.9986
27000000	24000000	113.4161
27000000	25000000	104.2069
27000000	26000000	449.2752
27000000	27000000	2436.3760
27000000	28000000	617.5051
27000000	29000000	88.7942
27000000	30000000	65.7832
27000000	31000000	51.2510
27000000	32000000	62.5806
27000000	33000000	47.0810
27000000	34000000	38.4011
27000000	35000000	36.2889
27000000	36000000	28.7346
27000000	37000000	30.9217
27000000	38000000	91.9182
27000000	39000000	102.1752
27000000	40000000	42.8396
27000000	41000000	38.8404
27000000	42000000	32.2451
27000000	43000000	52.3823
27000000	44000000	37.9782
27000000	45000000	29.6902
27000000	46000000	45.9664
27000000	47000000	29.9717
27000000	48000000	32.7971
27000000	49000000	58.0520
27000000	50000000	47.3529
27000000	51000000	48.3125
27000000	52000000	38.2127
27000000	53000000	44.7617
27000000	54000000	29.6231
27000000	55000000	32.8128
27000000	56000000	27.8191
27000000	57000000	26.4026
27000000	58000000	27.7096
27000000	59000000	52.7496
27000000	60000000	47.5199
27000000	61000000	59.0890
27000000	62000000	18.7402
28000000	1000000	1.0220
28000000	2000000	12.2640
28000000	3000000	18.3960
28000000	4000000	39.1799
28000000	5000000	31.5587
28000000	6000000	45.0270
28000000	7000000	40.0079
28000000	8000000	37.3762
28000000	9000000	36.1397
28000000	10000000	77.0040
28000000	11000000	61.4906
28000000	12000000	55.7457
28000000	13000000	68.2458
28000000	14000000	61.3818
28000000	15000000	76.2949
28000000	16000000	94.1752
28000000	17000000	71.9699
28000000	18000000	48.4992
28000000	19000000	40.7125
28000000	20000000	39.5989
28000000	21000000	31.8125
28000000	22000000	65.5329
28000000	23000000	87.3131
28000000	24000000	105.5387
28000000	25000000	72.9699
28000000	26000000	113.6662
28000000	27000000	617.5051
28000000	28000000	2804.2005
28000000	29000000	457.3598
28000000	30000000	138.2925
28000000	31000000	103.8715
28000000	32000000	96.3641
28000000	33000000	59.6256
28000000	34000000	41.3344
28000000	35000000	41.8359
28000000	36000000	36.4603
28000000	37000000	37.2703
28000000	38000000	207.6005
28000000	39000000	153.7326
28000000	40000000	46.6481
28000000	41000000	31.7573
28000000	42000000	40.1573
28000000	43000000	47.6652
28000000	44000000	36.4791
28000000	45000000	41.7109
28000000	46000000	45.4500
28000000	47000000	41.0010
28000000	48000000	36.7016
28000000	49000000	54.6439
28000000	50000000	53.1636
28000000	51000000	49.1159
28000000	52000000	50.4492
28000000	53000000	45.5987
28000000	54000000	32.4754
28000000	55000000	37.4536
28000000	56000000	34.7269
28000000	57000000	37.0966
28000000	58000000	30.8176
28000000	59000000	58.7947
28000000	60000000	59.4816
28000000	61000000	62.5533
28000000	62000000	22.7252
29000000	1000000	1.0220
29000000	2000000	4.0880
29000000	3000000	17.3740
29000000	4000000	27.1460
29000000	5000000	28.1773
29000000	6000000	32.2868
29000000	7000000	29.6548
29000000	8000000	25.8414
29000000	9000000	26.0103
29000000	10000000	50.4588
29000000	11000000	46.0804
29000000	12000000	43.9481
29000000	13000000	29.0005
29000000	14000000	53.9009
29000000	15000000	53.3062
29000000	16000000	55.9774
29000000	17000000	47.6759
29000000	18000000	42.5994
29000000	19000000	34.8386
29000000	20000000	30.6206
29000000	21000000	31.3831
29000000	22000000	61.9794
29000000	23000000	52.2765
29000000	24000000	63.0053
29000000	25000000	53.8295
29000000	26000000	51.1261
29000000	27000000	88.7942
29000000	28000000	457.3598
29000000	29000000	1697.7338
29000000	30000000	434.7300
29000000	31000000	111.3185
29000000	32000000	84.5145
29000000	33000000	68.2300
29000000	34000000	54.0050
29000000	35000000	42.7822
29000000	36000000	36.3137
29000000	37000000	43.6367
29000000	38000000	130.4557
29000000	39000000	89.9992
29000000	40000000	40.0616
29000000	41000000	31.1667
29000000	42000000	29.0605
29000000	43000000	34.0484
29000000	44000000	35.9320
29000000	45000000	34.9606
29000000	46000000	35.5749
29000000	47000000	33.7046
29000000	48000000	31.6744
29000000	49000000	43.8013
29000000	50000000	49.1602
29000000	51000000	48.9363
29000000	52000000	39.0817
29000000	53000000	34.4306
29000000	54000000	29.6978
29000000	55000000	29.8741
29000000	56000000	28.0542
29000000	57000000	31.2549
29000000	58000000	32.2534
29000000	59000000	33.8685
29000000	60000000	36.7180
29000000	61000000	41.1172
29000000	62000000	17.5189
30000000	1000000	1.0220
30000000	2000000	2.0440
30000000	3000000	10.2200
30000000	4000000	21.7741
30000000	5000000	19.2767
30000000	6000000	32.3903
30000000	7000000	21.2178
30000000	8000000	21.5382
30000000	9000000	27.4562
30000000	10000000	42.2102
30000000	11000000	40.7395
30000000	12000000	36.7330
30000000	13000000	34.1427
30000000	14000000	38.0603
30000000	15000000	38.2663
30000000	16000000	48.4198
30000000	17000000	44.9659
30000000	18000000	24.8683
30000000	19000000	27.4343
30000000	20000000	26.1389
30000000	21000000	17.9136
30000000	22000000	50.9309
30000000	23000000	45.6341
30000000	24000000	50.6419
30000000	25000000	37.4537
30000000	26000000	33.3396
30000000	27000000	65.7832
30000000	28000000	138.2925
30000000	29000000	434.7300
30000000	30000000	1636.2357
30000000	31000000	373.6087
30000000	32000000	125.0959
30000000	33000000	71.9267
30000000	34000000	44.3382
30000000	35000000	38.9356
30000000	36000000	36.6209
30000000	37000000	36.2026
30000000	38000000	61.4787
30000000	39000000	60.3085
30000000	40000000	28.9029
30000000	41000000	24.4069
30000000	42000000	23.7630
30000000	43000000	32.9571
30000000	44000000	30.6084
30000000	45000000	28.9512
30000000	46000000	24.0832
30000000	47000000	28.9444
30000000	48000000	27.9914
30000000	49000000	38.8739
30000000	50000000	35.2662
30000000	51000000	34.2291
30000000	52000000	30.2169
30000000	53000000	27.0237
30000000	54000000	23.9352
30000000	55000000	20.2468
30000000	56000000	20.6353
30000000	57000000	25.0183
30000000	58000000	22.5702
30000000	59000000	37.8920
30000000	60000000	33.9454
30000000	61000000	40.4899
30000000	62000000	14.3094
31000000	2000000	3.0660
31000000	3000000	9.1980
31000000	4000000	22.3071
31000000	5000000	22.6318
31000000	6000000	29.4708
31000000	7000000	17.8308
31000000	8000000	24.2672
31000000	9000000	25.3485
31000000	10000000	39.2740
31000000	11000000	31.5337
31000000	12000000	31.9643
31000000	13000000	37.9021
31000000	14000000	44.0785
31000000	15000000	45.8983
31000000	16000000	52.8514
31000000	17000000	39.0244
31000000	18000000	25.2411
31000000	19000000	25.5656
31000000	20000000	27.9245
31000000	21000000	8.2245
31000000	22000000	48.5506
31000000	23000000	44.3855
31000000	24000000	45.7999
31000000	25000000	31.6466
31000000	26000000	32.4885
31000000	27000000	51.2510
31000000	28000000	103.8715
31000000	29000000	111.3185
31000000	30000000	373.6087
31000000	31000000	1766.3103
31000000	32000000	403.0775
31000000	33000000	107.8454
31000000	34000000	55.3077
31000000	35000000	48.6806
31000000	36000000	38.5461
31000000	37000000	31.6272
31000000	38000000	59.8361
31000000	39000000	66.3891
31000000	40000000	25.3824
31000000	41000000	21.3412
31000000	42000000	26.9461
31000000	43000000	31.0515
31000000	44000000	24.9948
31000000	45000000	30.3194
31000000	46000000	30.6631
31000000	47000000	28.6454
31000000	48000000	29.5330
31000000	49000000	36.8218
31000000	50000000	35.9056
31000000	51000000	34.8851
31000000	52000000	32.4522
31000000	53000000	29.9101
31000000	54000000	18.5963
31000000	55000000	26.9060
31000000	56000000	20.5708
31000000	57000000	26.2389
31000000	58000000	19.8897
31000000	59000000	35.5744
31000000	60000000	29.8026
31000000	61000000	34.4020
31000000	62000000	16.1711
32000000	2000000	1.0220
32000000	3000000	7.1540
32000000	4000000	20.1647
32000000	5000000	21.0156
32000000	6000000	28.5480
32000000	7000000	20.8952
32000000	8000000	17.8734
32000000	9000000	23.3592
32000000	10000000	40.3512
32000000	11000000	41.0257
32000000	12000000	30.3892
32000000	13000000	33.7748
32000000	14000000	36.8940
32000000	15000000	38.2529
32000000	16000000	43.9352
32000000	17000000	40.5392
32000000	18000000	29.7095
32000000	19000000	18.3429
32000000	20000000	20.3536
32000000	21000000	19.6923
32000000	22000000	50.0344
32000000	23000000	49.4816
32000000	24000000	47.1285
32000000	25000000	33.5257
32000000	26000000	33.0235
32000000	27000000	62.5806
32000000	28000000	96.3641
32000000	29000000	84.5145
32000000	30000000	125.0959
32000000	31000000	403.0775
32000000	32000000	1755.5723
32000000	33000000	332.1796
32000000	34000000	72.7433
32000000	35000000	59.6785
32000000	36000000	33.0697
32000000	37000000	36.8306
32000000	38000000	77.1671
32000000	39000000	65.0135
32000000	40000000	22.8289
32000000	41000000	23.0575
32000000	42000000	23.9318
32000000	43000000	30.9431
32000000	44000000	30.5660
32000000	45000000	24.9097
32000000	46000000	27.9774
32000000	47000000	24.5382
32000000	48000000	23.8639
32000000	49000000	38.1143
32000000	50000000	32.2779
32000000	51000000	29.7077
32000000	52000000	30.4995
32000000	53000000	26.9493
32000000	54000000	20.9046
32000000	55000000	16.4856
32000000	56000000	22.2583
32000000	57000000	25.2597
32000000	58000000	19.6206
32000000	59000000	36.6325
32000000	60000000	34.1479
32000000	61000000	43.2863
32000000	62000000	18.7437
33000000	2000000	4.0880
33000000	3000000	16.3520
33000000	4000000	20.1757
33000000	5000000	19.0534
33000000	6000000	28.3429
33000000	7000000	19.6060
33000000	8000000	21.3637
33000000	9000000	20.0267
33000000	10000000	35.8758
33000000	11000000	31.8645
33000000	12000000	38.6113
33000000	13000000	26.3567
33000000	14000000	35.8402
33000000	15000000	48.1084
33000000	16000000	45.9491
33000000	17000000	38.4346
33000000	18000000	33.4093
33000000	19000000	25.9422
33000000	20000000	27.2609
33000000	21000000	18.9218
33000000	22000000	53.3082
33000000	23000000	49.4790
33000000	24000000	48.0918
33000000	25000000	32.8201
33000000	26000000	35.5812
33000000	27000000	47.0810
33000000	28000000	59.6256
33000000	29000000	68.2300
33000000	30000000	71.9267
33000000	31000000	107.8454
33000000	32000000	332.1796
33000000	33000000	1368.3965
33000000	34000000	324.1949
33000000	35000000	88.5255
33000000	36000000	60.5256
33000000	37000000	51.1202
33000000	38000000	76.1119
33000000	39000000	83.7868
33000000	40000000	35.8682
33000000	41000000	26.8413
33000000	42000000	24.3962
33000000	43000000	42.5499
33000000	44000000	29.2176
33000000	45000000	32.3584
33000000	46000000	33.1369
33000000	47000000	31.5620
33000000	48000000	25.4344
33000000	49000000	37.8163
33000000	50000000	40.8706
33000000	51000000	45.0965
33000000	52000000	37.2777
33000000	53000000	27.1792
33000000	54000000	24.9836
33000000	55000000	26.3314
33000000	56000000	24.2241
33000000	57000000	26.5017
33000000	58000000	23.5076
33000000	59000000	37.7607
33000000	60000000	35.4982
33000000	61000000	39.9244
33000000	62000000	16.9946
34000000	1000000	1.0220
34000000	2000000	3.0660
34000000	3000000	11.2420
34000000	4000000	19.3590
34000000	5000000	24.8137
34000000	6000000	24.3392
34000000	7000000	22.3713
34000000	8000000	22.5839
34000000	9000000	21.8466
34000000	10000000	26.3286
34000000	11000000	32.6110
34000000	12000000	25.7676
34000000	13000000	23.4847
34000000	14000000	38.4811
34000000	15000000	40.8843
34000000	16000000	37.7651
34000000	17000000	39.1500
34000000	18000000	31.3040
34000000	19000000	37.1952
34000000	20000000	26.9143
34000000	21000000	21.8351
34000000	22000000	68.7015
34000000	23000000	51.2832
34000000	24000000	45.6704
34000000	25000000	46.8119
34000000	26000000	36.0859
34000000	27000000	38.4011
34000000	28000000	41.3344
34000000	29000000	54.0050
34000000	30000000	44.3382
34000000	31000000	55.3077
34000000	32000000	72.7433
34000000	33000000	324.1949
34000000	34000000	1273.3813
34000000	35000000	236.2846
34000000	36000000	104.5245
34000000	37000000	79.2557
34000000	38000000	59.9081
34000000	39000000	61.6363
34000000	40000000	41.6849
34000000	41000000	30.7092
34000000	42000000	39.2721
34000000	43000000	47.7016
34000000	44000000	40.6693
34000000	45000000	44.9971
34000000	46000000	44.9871
34000000	47000000	43.2703
34000000	48000000	30.7795
34000000	49000000	47.5391
34000000	50000000	40.1713
34000000	51000000	51.0944
34000000	52000000	42.7591
34000000	53000000	34.8029
34000000	54000000	29.9709
34000000	55000000	37.9572
34000000	56000000	32.9914
34000000	57000000	35.1791
34000000	58000000	31.7613
34000000	59000000	37.5582
34000000	60000000	42.9446
34000000	61000000	39.3656
34000000	62000000	21.9406
35000000	2000000	4.0880
35000000	3000000	8.1760
35000000	4000000	15.9862
35000000	5000000	18.3127
35000000	6000000	25.9577
35000000	7000000	21.4456
35000000	8000000	17.9303
35000000	9000000	19.6055
35000000	10000000	32.2764
35000000	11000000	29.4932
35000000	12000000	27.8595
35000000	13000000	27.6548
35000000	14000000	36.0641
35000000	15000000	39.1069
35000000	16000000	38.3190
35000000	17000000	41.7657
35000000	18000000	30.9517
35000000	19000000	29.2386
35000000	20000000	29.6812
35000000	21000000	17.6497
35000000	22000000	56.6988
35000000	23000000	41.4243
35000000	24000000	42.9908
35000000	25000000	39.8310
35000000	26000000	28.1554
35000000	27000000	36.2889
35000000	28000000	41.8359
35000000	29000000	42.7822
35000000	30000000	38.9356
35000000	31000000	48.6806
35000000	32000000	59.6785
35000000	33000000	88.5255
35000000	34000000	236.2846
35000000	35000000	1210.3461
35000000	36000000	388.4762
35000000	37000000	113.4240
35000000	38000000	89.3015
35000000	39000000	77.9346
35000000	40000000	39.4240
35000000	41000000	31.9864
35000000	42000000	33.5288
35000000	43000000	40.8594
35000000	44000000	36.4112
35000000	45000000	35.6784
35000000	46000000	39.0629
35000000	47000000	29.9082
35000000	48000000	29.3219
35000000	49000000	47.0924
35000000	50000000	42.7734
35000000	51000000	47.0349
35000000	52000000	35.3978
35000000	53000000	35.4882
35000000	54000000	28.4729
35000000	55000000	22.5408
35000000	56000000	28.6660
35000000	57000000	28.8372
35000000	58000000	30.4622
35000000	59000000	40.8405
35000000	60000000	42.7913
35000000	61000000	46.7737
35000000	62000000	17.6524
36000000	1000000	1.0220
36000000	2000000	4.0880
36000000	3000000	12.2640
36000000	4000000	19.6527
36000000	5000000	19.9666
36000000	6000000	22.3841
36000000	7000000	21.4034
36000000	8000000	18.5637
36000000	9000000	19.1966
36000000	10000000	28.5383
36000000	11000000	26.0616
36000000	12000000	25.5479
36000000	13000000	19.9878
36000000	14000000	40.2321
36000000	15000000	34.9829
36000000	16000000	23.2466
36000000	17000000	41.3320
36000000	18000000	36.0718
36000000	19000000	34.8700
36000000	20000000	32.9715
36000000	21000000	20.6958
36000000	22000000	57.2776
36000000	23000000	45.4912
36000000	24000000	37.3851
36000000	25000000	34.8449
36000000	26000000	29.0439
36000000	27000000	28.7346
36000000	28000000	36.4603
36000000	29000000	36.3137
36000000	30000000	36.6209
36000000	31000000	38.5461
36000000	32000000	33.0697
36000000	33000000	60.5256
36000000	34000000	104.5245
36000000	35000000	388.4762
36000000	36000000	1085.2961
36000000	37000000	288.1448
36000000	38000000	94.4545
36000000	39000000	78.5201
36000000	40000000	55.0764
36000000	41000000	43.1479
36000000	42000000	33.0508
36000000	43000000	51.5242
36000000	44000000	47.4598
36000000	45000000	42.4714
36000000	46000000	46.3040
36000000	47000000	44.4508
36000000	48000000	38.2877
36000000	49000000	45.5912
36000000	50000000	47.1427
36000000	51000000	54.6883
36000000	52000000	40.8745
36000000	53000000	34.4720
36000000	54000000	29.6633
36000000	55000000	33.5490
36000000	56000000	36.8703
36000000	57000000	35.0700
36000000	58000000	38.3087
36000000	59000000	39.0603
36000000	60000000	32.4785
36000000	61000000	34.3174
36000000	62000000	22.4749
37000000	1000000	1.0220
37000000	2000000	4.0880
37000000	3000000	16.3520
37000000	4000000	18.4772
37000000	5000000	25.1621
37000000	6000000	29.7553
37000000	7000000	18.2929
37000000	8000000	19.4760
37000000	9000000	21.2734
37000000	10000000	28.9046
37000000	11000000	38.2053
37000000	12000000	29.4704
37000000	13000000	16.5244
37000000	14000000	40.7618
37000000	15000000	32.5956
37000000	16000000	34.6323
37000000	17000000	34.8551
37000000	18000000	40.8687
37000000	19000000	35.3996
37000000	20000000	34.3879
37000000	21000000	31.5288
37000000	22000000	58.6440
37000000	23000000	36.4825
37000000	24000000	32.7982
37000000	25000000	44.4088
37000000	26000000	23.6334
37000000	27000000	30.9217
37000000	28000000	37.2703
37000000	29000000	43.6367
37000000	30000000	36.2026
37000000	31000000	31.6272
37000000	32000000	36.8306
37000000	33000000	51.1202
37000000	34000000	79.2557
37000000	35000000	113.4240
37000000	36000000	288.1448
37000000	37000000	1256.8384
37000000	38000000	280.8386
37000000	39000000	106.5239
37000000	40000000	68.2943
37000000	41000000	58.5069
37000000	42000000	44.9968
37000000	43000000	55.3399
37000000	44000000	54.7969
37000000	45000000	44.2981
37000000	46000000	51.2755
37000000	47000000	53.7454
37000000	48000000	48.5675
37000000	49000000	61.6741
37000000	50000000	54.9006
37000000	51000000	53.6411
37000000	52000000	42.8257
37000000	53000000	47.6345
37000000	54000000	43.6413
37000000	55000000	44.0734
37000000	56000000	35.0206
37000000	57000000	41.1345
37000000	58000000	40.9494
37000000	59000000	45.5387
37000000	60000000	44.4285
37000000	61000000	44.7354
37000000	62000000	26.5739
38000000	2000000	6.1320
38000000	3000000	15.3300
38000000	4000000	32.6767
38000000	5000000	29.0573
38000000	6000000	33.6381
38000000	7000000	28.7207
38000000	8000000	28.4670
38000000	9000000	31.0631
38000000	10000000	55.0929
38000000	11000000	45.6262
38000000	12000000	38.1241
38000000	13000000	48.0719
38000000	14000000	55.3018
38000000	15000000	59.8481
38000000	16000000	67.0358
38000000	17000000	53.8946
38000000	18000000	41.7729
38000000	19000000	38.8062
38000000	20000000	31.9762
38000000	21000000	28.4619
38000000	22000000	60.5502
38000000	23000000	73.2486
38000000	24000000	74.0767
38000000	25000000	46.7763
38000000	26000000	44.0823
38000000	27000000	91.9182
38000000	28000000	207.6005
38000000	29000000	130.4557
38000000	30000000	61.4787
38000000	31000000	59.8361
38000000	32000000	77.1671
38000000	33000000	76.1119
38000000	34000000	59.9081
38000000	35000000	89.3015
38000000	36000000	94.4545
38000000	37000000	280.8386
38000000	38000000	2469.5702
38000000	39000000	715.9985
38000000	40000000	91.8260
38000000	41000000	56.7394
38000000	42000000	53.9862
38000000	43000000	69.7807
38000000	44000000	51.3849
38000000	45000000	55.0004
38000000	46000000	56.8774
38000000	47000000	50.6762
38000000	48000000	45.7895
38000000	49000000	70.8566
38000000	50000000	67.1753
38000000	51000000	57.7892
38000000	52000000	61.6440
38000000	53000000	54.3796
38000000	54000000	40.0139
38000000	55000000	41.5364
38000000	56000000	36.7049
38000000	57000000	46.8563
38000000	58000000	38.0425
38000000	59000000	63.7734
38000000	60000000	67.5370
38000000	61000000	74.3289
38000000	62000000	27.2030
39000000	1000000	2.0440
39000000	2000000	6.1320
39000000	3000000	18.3960
39000000	4000000	43.8068
39000000	5000000	35.8418
39000000	6000000	53.1780
39000000	7000000	40.8661
39000000	8000000	31.8278
39000000	9000000	35.1255
39000000	10000000	68.1135
39000000	11000000	54.5081
39000000	12000000	59.3378
39000000	13000000	57.3507
39000000	14000000	59.7719
39000000	15000000	73.2959
39000000	16000000	88.9074
39000000	17000000	77.0600
39000000	18000000	59.6983
39000000	19000000	44.7061
39000000	20000000	48.1873
39000000	21000000	32.6057
39000000	22000000	83.6378
39000000	23000000	92.7602
39000000	24000000	97.0816
39000000	25000000	62.6964
39000000	26000000	57.6345
39000000	27000000	102.1752
39000000	28000000	153.7326
39000000	29000000	89.9992
39000000	30000000	60.3085
39000000	31000000	66.3891
39000000	32000000	65.0135
39000000	33000000	83.7868
39000000	34000000	61.6363
39000000	35000000	77.9346
39000000	36000000	78.5201
39000000	37000000	106.5239
39000000	38000000	715.9985
39000000	39000000	2978.2266
39000000	40000000	422.7747
39000000	41000000	154.6196
39000000	42000000	108.9049
39000000	43000000	116.1539
39000000	44000000	83.9985
39000000	45000000	76.0523
39000000	46000000	71.9676
39000000	47000000	63.0102
39000000	48000000	64.2680
39000000	49000000	99.6180
39000000	50000000	92.6390
39000000	51000000	97.0449
39000000	52000000	80.8833
39000000	53000000	71.0335
39000000	54000000	54.8015
39000000	55000000	51.9707
39000000	56000000	59.1420
39000000	57000000	56.4893
39000000	58000000	51.3808
39000000	59000000	102.3013
39000000	60000000	98.2604
39000000	61000000	112.8657
39000000	62000000	38.5332
40000000	1000000	1.0220
40000000	2000000	4.0880
40000000	3000000	15.3300
40000000	4000000	26.0195
40000000	5000000	34.2024
40000000	6000000	33.7678
40000000	7000000	37.2348
40000000	8000000	27.8067
40000000	9000000	40.8169
40000000	10000000	35.5837
40000000	11000000	36.7331
40000000	12000000	39.6492
40000000	13000000	28.0489
40000000	14000000	43.8770
40000000	15000000	42.2927
40000000	16000000	33.9414
40000000	17000000	44.4183
40000000	18000000	52.4062
40000000	19000000	48.9638
40000000	20000000	46.1293
40000000	21000000	36.9582
40000000	22000000	107.7381
40000000	23000000	53.0950
40000000	24000000	50.8549
40000000	25000000	50.9571
40000000	26000000	35.5205
40000000	27000000	42.8396
40000000	28000000	46.6481
40000000	29000000	40.0616
40000000	30000000	28.9029
40000000	31000000	25.3824
40000000	32000000	22.8289
40000000	33000000	35.8682
40000000	34000000	41.6849
40000000	35000000	39.4240
40000000	36000000	55.0764
40000000	37000000	68.2943
40000000	38000000	91.8260
40000000	39000000	422.7747
40000000	40000000	1755.0120
40000000	41000000	718.4679
40000000	42000000	261.6423
40000000	43000000	174.0466
40000000	44000000	115.5164
40000000	45000000	79.2340
40000000	46000000	72.5062
40000000	47000000	73.4148
40000000	48000000	78.6102
40000000	49000000	77.7987
40000000	50000000	83.7444
40000000	51000000	100.3330
40000000	52000000	82.7362
40000000	53000000	83.6740
40000000	54000000	73.8618
40000000	55000000	65.7671
40000000	56000000	60.9805
40000000	57000000	71.9003
40000000	58000000	76.7646
40000000	59000000	68.4726
40000000	60000000	58.2520
40000000	61000000	75.4681
40000000	62000000	44.8183
41000000	1000000	3.0660
41000000	2000000	3.0660
41000000	3000000	14.3080
41000000	4000000	27.1582
41000000	5000000	33.4852
41000000	6000000	29.1775
41000000	7000000	28.8378
41000000	8000000	26.7462
41000000	9000000	30.8402
41000000	10000000	26.9154
41000000	11000000	37.1375
41000000	12000000	32.2844
41000000	13000000	17.2754
41000000	14000000	42.2499
41000000	15000000	37.7566
41000000	16000000	31.6114
41000000	17000000	31.6058
41000000	18000000	53.1019
41000000	19000000	48.5966
41000000	20000000	48.4941
41000000	21000000	40.3905
41000000	22000000	76.2560
41000000	23000000	46.4601
41000000	24000000	35.0721
41000000	25000000	50.2324
41000000	26000000	38.2269
41000000	27000000	38.8404
41000000	28000000	31.7573
41000000	29000000	31.1667
41000000	30000000	24.4069
41000000	31000000	21.3412
41000000	32000000	23.0575
41000000	33000000	26.8413
41000000	34000000	30.7092
41000000	35000000	31.9864
41000000	36000000	43.1479
41000000	37000000	58.5069
41000000	38000000	56.7394
41000000	39000000	154.6196
41000000	40000000	718.4679
41000000	41000000	1893.9511
41000000	42000000	524.5795
41000000	43000000	200.7347
41000000	44000000	129.0223
41000000	45000000	78.2102
41000000	46000000	75.6456
41000000	47000000	67.2547
41000000	48000000	70.7093
41000000	49000000	78.7239
41000000	50000000	82.7370
41000000	51000000	79.0354
41000000	52000000	70.2711
41000000	53000000	70.4824
41000000	54000000	74.9378
41000000	55000000	67.2258
41000000	56000000	62.1420
41000000	57000000	76.8184
41000000	58000000	63.5452
41000000	59000000	62.5201
41000000	60000000	55.0182
41000000	61000000	55.4632
41000000	62000000	40.7301
42000000	1000000	2.0440
42000000	2000000	1.0220
42000000	3000000	21.4620
42000000	4000000	27.0991
42000000	5000000	31.8647
42000000	6000000	33.3404
42000000	7000000	27.0966
42000000	8000000	29.3573
42000000	9000000	31.5590
42000000	10000000	28.6061
42000000	11000000	29.8123
42000000	12000000	32.4571
42000000	13000000	22.1271
42000000	14000000	37.1823
42000000	15000000	36.2108
42000000	16000000	27.6005
42000000	17000000	40.5732
42000000	18000000	43.9470
42000000	19000000	47.6539
42000000	20000000	40.8497
42000000	21000000	32.5712
42000000	22000000	91.4007
42000000	23000000	34.8945
42000000	24000000	40.3296
42000000	25000000	49.9564
42000000	26000000	30.2181
42000000	27000000	32.2451
42000000	28000000	40.1573
42000000	29000000	29.0605
42000000	30000000	23.7630
42000000	31000000	26.9461
42000000	32000000	23.9318
42000000	33000000	24.3962
42000000	34000000	39.2721
42000000	35000000	33.5288
42000000	36000000	33.0508
42000000	37000000	44.9968
42000000	38000000	53.9862
42000000	39000000	108.9049
42000000	40000000	261.6423
42000000	41000000	524.5795
42000000	42000000	1679.2668
42000000	43000000	671.1929
42000000	44000000	208.4146
42000000	45000000	99.5433
42000000	46000000	79.4925
42000000	47000000	70.7519
42000000	48000000	74.1640
42000000	49000000	74.3839
42000000	50000000	76.6943
42000000	51000000	80.0626
42000000	52000000	74.9589
42000000	53000000	64.6037
42000000	54000000	78.3729
42000000	55000000	68.6546
42000000	56000000	52.4740
42000000	57000000	65.2944
42000000	58000000	67.1013
42000000	59000000	54.7485
42000000	60000000	57.4413
42000000	61000000	60.7522
42000000	62000000	39.5969
43000000	1000000	3.0660
43000000	2000000	8.1760
43000000	3000000	15.3300
43000000	4000000	25.7754
43000000	5000000	28.8221
43000000	6000000	33.0855
43000000	7000000	32.4576
43000000	8000000	33.8960
43000000	9000000	37.2019
43000000	10000000	45.2743
43000000	11000000	41.2874
43000000	12000000	37.7092
43000000	13000000	32.0443
43000000	14000000	45.1986
43000000	15000000	45.7420
43000000	16000000	38.2704
43000000	17000000	48.9934
43000000	18000000	56.6867
43000000	19000000	53.7814
43000000	20000000	48.0503
43000000	21000000	28.9000
43000000	22000000	85.2356
43000000	23000000	57.8022
43000000	24000000	51.8109
43000000	25000000	61.4371
43000000	26000000	35.8272
43000000	27000000	52.3823
43000000	28000000	47.6652
43000000	29000000	34.0484
43000000	30000000	32.9571
43000000	31000000	31.0515
43000000	32000000	30.9431
43000000	33000000	42.5499
43000000	34000000	47.7016
43000000	35000000	40.8594
43000000	36000000	51.5242
43000000	37000000	55.3399
43000000	38000000	69.7807
43000000	39000000	116.1539
43000000	40000000	174.0466
43000000	41000000	200.7347
43000000	42000000	671.1929
43000000	43000000	2023.2078
43000000	44000000	580.6564
43000000	45000000	160.0386
43000000	46000000	109.8255
43000000	47000000	86.9626
43000000	48000000	77.1791
43000000	49000000	99.2799
43000000	50000000	79.7260
43000000	51000000	102.4712
43000000	52000000	84.7374
43000000	53000000	80.7019
43000000	54000000	73.3884
43000000	55000000	65.5588
43000000	56000000	64.1232
43000000	57000000	80.2243
43000000	58000000	73.9292
43000000	59000000	75.5531
43000000	60000000	69.9836
43000000	61000000	86.9548
43000000	62000000	46.3661
44000000	1000000	2.0440
44000000	2000000	5.1100
44000000	3000000	10.2200
44000000	4000000	27.6396
44000000	5000000	31.1181
44000000	6000000	33.5516
44000000	7000000	34.0175
44000000	8000000	26.9050
44000000	9000000	33.3008
44000000	10000000	28.7640
44000000	11000000	37.7503
44000000	12000000	35.1899
44000000	13000000	26.2469
44000000	14000000	43.4460
44000000	15000000	31.5075
44000000	16000000	31.8033
44000000	17000000	43.5723
44000000	18000000	55.4187
44000000	19000000	50.5102
44000000	20000000	44.1810
44000000	21000000	28.8239
44000000	22000000	84.9269
44000000	23000000	46.8536
44000000	24000000	44.4542
44000000	25000000	52.9126
44000000	26000000	39.4851
44000000	27000000	37.9782
44000000	28000000	36.4791
44000000	29000000	35.9320
44000000	30000000	30.6084
44000000	31000000	24.9948
44000000	32000000	30.5660
44000000	33000000	29.2176
44000000	34000000	40.6693
44000000	35000000	36.4112
44000000	36000000	47.4598
44000000	37000000	54.7969
44000000	38000000	51.3849
44000000	39000000	83.9985
44000000	40000000	115.5164
44000000	41000000	129.0223
44000000	42000000	208.4146
44000000	43000000	580.6564
44000000	44000000	1916.5987
44000000	45000000	620.8847
44000000	46000000	234.5581
44000000	47000000	153.2357
44000000	48000000	116.4827
44000000	49000000	100.2982
44000000	50000000	89.3833
44000000	51000000	101.6965
44000000	52000000	84.8803
44000000	53000000	84.7623
44000000	54000000	88.1030
44000000	55000000	81.1840
44000000	56000000	77.9117
44000000	57000000	89.4957
44000000	58000000	74.6608
44000000	59000000	68.0523
44000000	60000000	67.0556
44000000	61000000	70.3175
44000000	62000000	52.0866
45000000	1000000	3.0660
45000000	2000000	6.1320
45000000	3000000	23.5060
45000000	4000000	33.9360
45000000	5000000	37.4809
45000000	6000000	39.9554
45000000	7000000	44.5926
45000000	8000000	34.3856
45000000	9000000	47.2717
45000000	10000000	38.4077
45000000	11000000	47.9735
45000000	12000000	42.4321
45000000	13000000	27.8633
45000000	14000000	44.5893
45000000	15000000	49.9472
45000000	16000000	39.5365
45000000	17000000	52.7178
45000000	18000000	89.7688
45000000	19000000	143.3847
45000000	20000000	48.8978
45000000	21000000	25.1892
45000000	22000000	64.2114
45000000	23000000	48.0774
45000000	24000000	45.2365
45000000	25000000	50.2907
45000000	26000000	32.4522
45000000	27000000	29.6902
45000000	28000000	41.7109
45000000	29000000	34.9606
45000000	30000000	28.9512
45000000	31000000	30.3194
45000000	32000000	24.9097
45000000	33000000	32.3584
45000000	34000000	44.9971
45000000	35000000	35.6784
45000000	36000000	42.4714
45000000	37000000	44.2981
45000000	38000000	55.0004
45000000	39000000	76.0523
45000000	40000000	79.2340
45000000	41000000	78.2102
45000000	42000000	99.5433
45000000	43000000	160.0386
45000000	44000000	620.8847
45000000	45000000	2224.6330
45000000	46000000	1043.0609
45000000	47000000	290.5365
45000000	48000000	171.1081
45000000	49000000	138.5378
45000000	50000000	118.5120
45000000	51000000	112.8641
45000000	52000000	80.4750
45000000	53000000	92.1205
45000000	54000000	90.3643
45000000	55000000	83.3701
45000000	56000000	81.7331
45000000	57000000	87.0896
45000000	58000000	86.5832
45000000	59000000	80.8707
45000000	60000000	84.1030
45000000	61000000	77.2675
45000000	62000000	52.0963
46000000	2000000	11.2420
46000000	3000000	18.3960
46000000	4000000	37.9559
46000000	5000000	50.5718
46000000	6000000	43.5504
46000000	7000000	50.3239
46000000	8000000	43.1049
46000000	9000000	54.3264
46000000	10000000	51.6430
46000000	11000000	46.5440
46000000	12000000	50.0279
46000000	13000000	31.7366
46000000	14000000	61.6072
46000000	15000000	51.7936
46000000	16000000	44.1377
46000000	17000000	57.5550
46000000	18000000	91.9357
46000000	19000000	101.5450
46000000	20000000	43.6799
46000000	21000000	30.1319
46000000	22000000	79.0714
46000000	23000000	49.6848
46000000	24000000	48.8878
46000000	25000000	52.2424
46000000	26000000	36.8072
46000000	27000000	45.9664
46000000	28000000	45.4500
46000000	29000000	35.5749
46000000	30000000	24.0832
46000000	31000000	30.6631
46000000	32000000	27.9774
46000000	33000000	33.1369
46000000	34000000	44.9871
46000000	35000000	39.0629
46000000	36000000	46.3040
46000000	37000000	51.2755
46000000	38000000	56.8774
46000000	39000000	71.9676
46000000	40000000	72.5062
46000000	41000000	75.6456
46000000	42000000	79.4925
46000000	43000000	109.8255
46000000	44000000	234.5581
46000000	45000000	1043.0609
46000000	46000000	2685.4593
46000000	47000000	678.0929
46000000	48000000	252.7628
46000000	49000000	173.4075
46000000	50000000	133.7264
46000000	51000000	120.4542
46000000	52000000	89.6218
46000000	53000000	88.7461
46000000	54000000	92.7912
46000000	55000000	82.0490
46000000	56000000	82.0181
46000000	57000000	95.2190
46000000	58000000	90.6083
46000000	59000000	95.3031
46000000	60000000	85.9682
46000000	61000000	89.0942
46000000	62000000	55.1509
47000000	1000000	2.0440
47000000	2000000	6.1320
47000000	3000000	11.2420
47000000	4000000	33.6252
47000000	5000000	43.9371
47000000	6000000	42.8212
47000000	7000000	42.7497
47000000	8000000	33.3255
47000000	9000000	47.0598
47000000	10000000	41.8709
47000000	11000000	45.4011
47000000	12000000	36.7541
47000000	13000000	28.9376
47000000	14000000	54.6703
47000000	15000000	43.4336
47000000	16000000	35.4131
47000000	17000000	47.4934
47000000	18000000	79.4902
47000000	19000000	72.4096
47000000	20000000	49.1203
47000000	21000000	25.4622
47000000	22000000	75.4180
47000000	23000000	40.1832
47000000	24000000	41.5729
47000000	25000000	47.4892
47000000	26000000	38.1286
47000000	27000000	29.9717
47000000	28000000	41.0010
47000000	29000000	33.7046
47000000	30000000	28.9444
47000000	31000000	28.6454
47000000	32000000	24.5382
47000000	33000000	31.5620
47000000	34000000	43.2703
47000000	35000000	29.9082
47000000	36000000	44.4508
47000000	37000000	53.7454
47000000	38000000	50.6762
47000000	39000000	63.0102
47000000	40000000	73.4148
47000000	41000000	67.2547
47000000	42000000	70.7519
47000000	43000000	86.9626
47000000	44000000	153.2357
47000000	45000000	290.5365
47000000	46000000	678.0929
47000000	47000000	2564.2014
47000000	48000000	822.0258
47000000	49000000	256.6996
47000000	50000000	173.4433
47000000	51000000	134.1600
47000000	52000000	103.8383
47000000	53000000	92.8328
47000000	54000000	99.6125
47000000	55000000	76.8586
47000000	56000000	83.7481
47000000	57000000	98.3058
47000000	58000000	86.8022
47000000	59000000	79.5756
47000000	60000000	85.9504
47000000	61000000	85.0369
47000000	62000000	66.0328
48000000	1000000	2.0440
48000000	2000000	7.1540
48000000	3000000	18.3960
48000000	4000000	31.8056
48000000	5000000	36.5093
48000000	6000000	43.7640
48000000	7000000	39.9958
48000000	8000000	37.6769
48000000	9000000	49.7079
48000000	10000000	40.1539
48000000	11000000	42.6728
48000000	12000000	34.8608
48000000	13000000	31.5733
48000000	14000000	51.9415
48000000	15000000	44.4447
48000000	16000000	43.3681
48000000	17000000	45.0731
48000000	18000000	66.4302
48000000	19000000	75.9745
48000000	20000000	42.2667
48000000	21000000	32.1970
48000000	22000000	68.0653
48000000	23000000	48.5167
48000000	24000000	41.4210
48000000	25000000	50.3738
48000000	26000000	30.9592
48000000	27000000	32.7971
48000000	28000000	36.7016
48000000	29000000	31.6744
48000000	30000000	27.9914
48000000	31000000	29.5330
48000000	32000000	23.8639
48000000	33000000	25.4344
48000000	34000000	30.7795
48000000	35000000	29.3219
48000000	36000000	38.2877
48000000	37000000	48.5675
48000000	38000000	45.7895
48000000	39000000	64.2680
48000000	40000000	78.6102
48000000	41000000	70.7093
48000000	42000000	74.1640
48000000	43000000	77.1791
48000000	44000000	116.4827
48000000	45000000	171.1081
48000000	46000000	252.7628
48000000	47000000	822.0258
48000000	48000000	2249.3213
48000000	49000000	865.9020
48000000	50000000	286.0618
48000000	51000000	178.7796
48000000	52000000	114.4898
48000000	53000000	105.8125
48000000	54000000	114.0040
48000000	55000000	88.4203
48000000	56000000	89.9082
48000000	57000000	111.1969
48000000	58000000	95.2908
48000000	59000000	82.0588
48000000	60000000	84.5415
48000000	61000000	87.7193
48000000	62000000	56.9174
49000000	1000000	3.0660
49000000	2000000	6.1320
49000000	3000000	32.7040
49000000	4000000	51.4349
49000000	5000000	52.1231
49000000	6000000	55.2850
49000000	7000000	48.9641
49000000	8000000	47.3815
49000000	9000000	48.5522
49000000	10000000	56.3039
49000000	11000000	59.0802
49000000	12000000	54.9808
49000000	13000000	43.5233
49000000	14000000	63.4182
49000000	15000000	63.7657
49000000	16000000	67.8707
49000000	17000000	78.4562
49000000	18000000	72.3891
49000000	19000000	68.4317
49000000	20000000	48.5474
49000000	21000000	37.7808
49000000	22000000	99.6697
49000000	23000000	59.6777
49000000	24000000	58.6942
49000000	25000000	62.7489
49000000	26000000	40.5367
49000000	27000000	58.0520
49000000	28000000	54.6439
49000000	29000000	43.8013
49000000	30000000	38.8739
49000000	31000000	36.8218
49000000	32000000	38.1143
49000000	33000000	37.8163
49000000	34000000	47.5391
49000000	35000000	47.0924
49000000	36000000	45.5912
49000000	37000000	61.6741
49000000	38000000	70.8566
49000000	39000000	99.6180
49000000	40000000	77.7987
49000000	41000000	78.7239
49000000	42000000	74.3839
49000000	43000000	99.2799
49000000	44000000	100.2982
49000000	45000000	138.5378
49000000	46000000	173.4075
49000000	47000000	256.6996
49000000	48000000	865.9020
49000000	49000000	3329.6316
49000000	50000000	1016.4588
49000000	51000000	295.3027
49000000	52000000	147.2446
49000000	53000000	129.7938
49000000	54000000	102.7622
49000000	55000000	98.2059
49000000	56000000	98.3511
49000000	57000000	110.7271
49000000	58000000	114.3612
49000000	59000000	126.2375
49000000	60000000	117.2183
49000000	61000000	137.3499
49000000	62000000	67.9533
50000000	1000000	2.0440
50000000	2000000	8.1760
50000000	3000000	18.3960
50000000	4000000	43.2220
50000000	5000000	44.7852
50000000	6000000	51.9088
50000000	7000000	39.1523
50000000	8000000	49.6729
50000000	9000000	51.7400
50000000	10000000	59.2908
50000000	11000000	53.6442
50000000	12000000	49.9735
50000000	13000000	46.0735
50000000	14000000	62.2853
50000000	15000000	55.9969
50000000	16000000	59.0857
50000000	17000000	79.4461
50000000	18000000	79.2708
50000000	19000000	65.1735
50000000	20000000	52.4774
50000000	21000000	35.7643
50000000	22000000	79.6631
50000000	23000000	59.0089
50000000	24000000	66.0970
50000000	25000000	50.2943
50000000	26000000	42.6744
50000000	27000000	47.3529
50000000	28000000	53.1636
50000000	29000000	49.1602
50000000	30000000	35.2662
50000000	31000000	35.9056
50000000	32000000	32.2779
50000000	33000000	40.8706
50000000	34000000	40.1713
50000000	35000000	42.7734
50000000	36000000	47.1427
50000000	37000000	54.9006
50000000	38000000	67.1753
50000000	39000000	92.6390
50000000	40000000	83.7444
50000000	41000000	82.7370
50000000	42000000	76.6943
50000000	43000000	79.7260
50000000	44000000	89.3833
50000000	45000000	118.5120
50000000	46000000	133.7264
50000000	47000000	173.4433
50000000	48000000	286.0618
50000000	49000000	1016.4588
50000000	50000000	3096.0938
50000000	51000000	640.3549
50000000	52000000	209.0841
50000000	53000000	140.8135
50000000	54000000	121.5158
50000000	55000000	104.4605
50000000	56000000	102.0602
50000000	57000000	109.5384
50000000	58000000	116.4129
50000000	59000000	125.2438
50000000	60000000	122.1514
50000000	61000000	120.9685
50000000	62000000	73.1270
51000000	1000000	2.0440
51000000	2000000	14.3080
51000000	3000000	23.5060
51000000	4000000	45.9359
51000000	5000000	46.9896
51000000	6000000	56.8535
51000000	7000000	46.7830
51000000	8000000	41.7011
51000000	9000000	52.4044
51000000	10000000	64.1419
51000000	11000000	59.6378
51000000	12000000	52.9539
51000000	13000000	37.2475
51000000	14000000	66.7651
51000000	15000000	67.5321
51000000	16000000	56.5136
51000000	17000000	73.3566
51000000	18000000	80.9627
51000000	19000000	72.8023
51000000	20000000	51.1476
51000000	21000000	30.3581
51000000	22000000	82.1776
51000000	23000000	57.2917
51000000	24000000	58.5661
51000000	25000000	62.8017
51000000	26000000	45.8485
51000000	27000000	48.3125
51000000	28000000	49.1159
51000000	29000000	48.9363
51000000	30000000	34.2291
51000000	31000000	34.8851
51000000	32000000	29.7077
51000000	33000000	45.0965
51000000	34000000	51.0944
51000000	35000000	47.0349
51000000	36000000	54.6883
51000000	37000000	53.6411
51000000	38000000	57.7892
51000000	39000000	97.0449
51000000	40000000	100.3330
51000000	41000000	79.0354
51000000	42000000	80.0626
51000000	43000000	102.4712
51000000	44000000	101.6965
51000000	45000000	112.8641
51000000	46000000	120.4542
51000000	47000000	134.1600
51000000	48000000	178.7796
51000000	49000000	295.3027
51000000	50000000	640.3549
51000000	51000000	3402.1843
51000000	52000000	714.3542
51000000	53000000	246.9538
51000000	54000000	179.6189
51000000	55000000	147.4437
51000000	56000000	117.1994
51000000	57000000	148.7967
51000000	58000000	137.5100
51000000	59000000	147.4369
51000000	60000000	120.5388
51000000	61000000	129.9326
51000000	62000000	77.3677
52000000	1000000	1.0220
52000000	2000000	9.1980
52000000	3000000	20.4400
52000000	4000000	37.9685
52000000	5000000	44.1228
52000000	6000000	47.9562
52000000	7000000	44.0595
52000000	8000000	39.8471
52000000	9000000	38.0991
52000000	10000000	49.6139
52000000	11000000	47.0247
52000000	12000000	37.7619
52000000	13000000	34.5558
52000000	14000000	55.9590
52000000	15000000	49.3982
52000000	16000000	55.9165
52000000	17000000	68.1862
52000000	18000000	63.3641
52000000	19000000	62.4507
52000000	20000000	41.6292
52000000	21000000	27.1499
52000000	22000000	71.3817
52000000	23000000	48.1036
52000000	24000000	44.9181
52000000	25000000	53.9287
52000000	26000000	39.9258
52000000	27000000	38.2127
52000000	28000000	50.4492
52000000	29000000	39.0817
52000000	30000000	30.2169
52000000	31000000	32.4522
52000000	32000000	30.4995
52000000	33000000	37.2777
52000000	34000000	42.7591
52000000	35000000	35.3978
52000000	36000000	40.8745
52000000	37000000	42.8257
52000000	38000000	61.6440
52000000	39000000	80.8833
52000000	40000000	82.7362
52000000	41000000	70.2711
52000000	42000000	74.9589
52000000	43000000	84.7374
52000000	44000000	84.8803
52000000	45000000	80.4750
52000000	46000000	89.6218
52000000	47000000	103.8383
52000000	48000000	114.4898
52000000	49000000	147.2446
52000000	50000000	209.0841
52000000	51000000	714.3542
52000000	52000000	2800.3658
52000000	53000000	910.8260
52000000	54000000	241.4409
52000000	55000000	151.5308
52000000	56000000	126.6549
52000000	57000000	110.1353
52000000	58000000	118.1278
52000000	59000000	127.9966
52000000	60000000	118.1056
52000000	61000000	114.7388
52000000	62000000	69.2125
53000000	1000000	3.0660
53000000	2000000	4.0880
53000000	3000000	20.4400
53000000	4000000	37.1992
53000000	5000000	44.4411
53000000	6000000	43.5883
53000000	7000000	42.4889
53000000	8000000	35.7482
53000000	9000000	52.2181
53000000	10000000	42.1655
53000000	11000000	46.0625
53000000	12000000	37.4665
53000000	13000000	35.2155
53000000	14000000	57.4899
53000000	15000000	51.3565
53000000	16000000	47.9315
53000000	17000000	52.6064
53000000	18000000	67.7103
53000000	19000000	61.8231
53000000	20000000	44.1543
53000000	21000000	21.7561
53000000	22000000	53.7754
53000000	23000000	45.9983
53000000	24000000	43.2732
53000000	25000000	50.7969
53000000	26000000	37.0195
53000000	27000000	44.7617
53000000	28000000	45.5987
53000000	29000000	34.4306
53000000	30000000	27.0237
53000000	31000000	29.9101
53000000	32000000	26.9493
53000000	33000000	27.1792
53000000	34000000	34.8029
53000000	35000000	35.4882
53000000	36000000	34.4720
53000000	37000000	47.6345
53000000	38000000	54.3796
53000000	39000000	71.0335
53000000	40000000	83.6740
53000000	41000000	70.4824
53000000	42000000	64.6037
53000000	43000000	80.7019
53000000	44000000	84.7623
53000000	45000000	92.1205
53000000	46000000	88.7461
53000000	47000000	92.8328
53000000	48000000	105.8125
53000000	49000000	129.7938
53000000	50000000	140.8135
53000000	51000000	246.9538
53000000	52000000	910.8260
53000000	53000000	2619.3084
53000000	54000000	797.4973
53000000	55000000	229.1931
53000000	56000000	149.0866
53000000	57000000	132.2625
53000000	58000000	128.0974
53000000	59000000	133.6569
53000000	60000000	117.7785
53000000	61000000	116.8225
53000000	62000000	74.1616
54000000	1000000	2.0440
54000000	2000000	7.1540
54000000	3000000	18.3960
54000000	4000000	30.8983
54000000	5000000	39.0688
54000000	6000000	36.5948
54000000	7000000	36.5423
54000000	8000000	33.1121
54000000	9000000	35.6768
54000000	10000000	31.7116
54000000	11000000	43.3812
54000000	12000000	38.4212
54000000	13000000	34.4136
54000000	14000000	42.2391
54000000	15000000	37.5175
54000000	16000000	40.4392
54000000	17000000	39.8901
54000000	18000000	61.7732
54000000	19000000	54.8827
54000000	20000000	37.9486
54000000	21000000	24.1072
54000000	22000000	70.3832
54000000	23000000	39.3249
54000000	24000000	35.5988
54000000	25000000	38.8998
54000000	26000000	38.0524
54000000	27000000	29.6231
54000000	28000000	32.4754
54000000	29000000	29.6978
54000000	30000000	23.9352
54000000	31000000	18.5963
54000000	32000000	20.9046
54000000	33000000	24.9836
54000000	34000000	29.9709
54000000	35000000	28.4729
54000000	36000000	29.6633
54000000	37000000	43.6413
54000000	38000000	40.0139
54000000	39000000	54.8015
54000000	40000000	73.8618
54000000	41000000	74.9378
54000000	42000000	78.3729
54000000	43000000	73.3884
54000000	44000000	88.1030
54000000	45000000	90.3643
54000000	46000000	92.7912
54000000	47000000	99.6125
54000000	48000000	114.0040
54000000	49000000	102.7622
54000000	50000000	121.5158
54000000	51000000	179.6189
54000000	52000000	241.4409
54000000	53000000	797.4973
54000000	54000000	2359.3854
54000000	55000000	475.2873
54000000	56000000	174.4599
54000000	57000000	184.9204
54000000	58000000	138.4608
54000000	59000000	100.7663
54000000	60000000	99.7197
54000000	61000000	116.4599
54000000	62000000	62.8329
55000000	1000000	2.0440
55000000	2000000	4.0880
55000000	3000000	14.3080
55000000	4000000	26.1050
55000000	5000000	40.2550
55000000	6000000	33.8181
55000000	7000000	33.5457
55000000	8000000	34.8733
55000000	9000000	30.3334
55000000	10000000	37.8335
55000000	11000000	39.4687
55000000	12000000	38.5007
55000000	13000000	24.5888
55000000	14000000	41.3944
55000000	15000000	35.0855
55000000	16000000	38.1891
55000000	17000000	42.8093
55000000	18000000	52.9146
55000000	19000000	55.0543
55000000	20000000	34.7760
55000000	21000000	18.9143
55000000	22000000	55.4368
55000000	23000000	40.9577
55000000	24000000	41.1684
55000000	25000000	44.6249
55000000	26000000	29.5240
55000000	27000000	32.8128
55000000	28000000	37.4536
55000000	29000000	29.8741
55000000	30000000	20.2468
55000000	31000000	26.9060
55000000	32000000	16.4856
55000000	33000000	26.3314
55000000	34000000	37.9572
55000000	35000000	22.5408
55000000	36000000	33.5490
55000000	37000000	44.0734
55000000	38000000	41.5364
55000000	39000000	51.9707
55000000	40000000	65.7671
55000000	41000000	67.2258
55000000	42000000	68.6546
55000000	43000000	65.5588
55000000	44000000	81.1840
55000000	45000000	83.3701
55000000	46000000	82.0490
55000000	47000000	76.8586
55000000	48000000	88.4203
55000000	49000000	98.2059
55000000	50000000	104.4605
55000000	51000000	147.4437
55000000	52000000	151.5308
55000000	53000000	229.1931
55000000	54000000	475.2873
55000000	55000000	1920.4753
55000000	56000000	702.5532
55000000	57000000	294.2225
55000000	58000000	141.0645
55000000	59000000	126.4399
55000000	60000000	120.0651
55000000	61000000	113.9194
55000000	62000000	83.0823
56000000	1000000	1.0220
56000000	2000000	3.0660
56000000	3000000	20.4400
56000000	4000000	30.1811
56000000	5000000	32.4282
56000000	6000000	35.1083
56000000	7000000	34.3429
56000000	8000000	31.7518
56000000	9000000	30.1046
56000000	10000000	35.5224
56000000	11000000	37.8375
56000000	12000000	28.4026
56000000	13000000	26.1526
56000000	14000000	43.6531
56000000	15000000	36.4615
56000000	16000000	41.4680
56000000	17000000	36.4242
56000000	18000000	52.1104
56000000	19000000	55.0791
56000000	20000000	34.6834
56000000	21000000	17.9687
56000000	22000000	60.7975
56000000	23000000	37.1105
56000000	24000000	35.5279
56000000	25000000	35.8127
56000000	26000000	28.3590
56000000	27000000	27.8191
56000000	28000000	34.7269
56000000	29000000	28.0542
56000000	30000000	20.6353
56000000	31000000	20.5708
56000000	32000000	22.2583
56000000	33000000	24.2241
56000000	34000000	32.9914
56000000	35000000	28.6660
56000000	36000000	36.8703
56000000	37000000	35.0206
56000000	38000000	36.7049
56000000	39000000	59.1420
56000000	40000000	60.9805
56000000	41000000	62.1420
56000000	42000000	52.4740
56000000	43000000	64.1232
56000000	44000000	77.9117
56000000	45000000	81.7331
56000000	46000000	82.0181
56000000	47000000	83.7481
56000000	48000000	89.9082
56000000	49000000	98.3511
56000000	50000000	102.0602
56000000	51000000	117.1994
56000000	52000000	126.6549
56000000	53000000	149.0866
56000000	54000000	174.4599
56000000	55000000	702.5532
56000000	56000000	2202.7196
56000000	57000000	809.4634
56000000	58000000	186.4861
56000000	59000000	145.6667
56000000	60000000	137.0281
56000000	61000000	111.6296
56000000	62000000	71.5170
57000000	1000000	1.0220
57000000	2000000	3.0660
57000000	3000000	19.4180
57000000	4000000	27.6549
57000000	5000000	38.0160
57000000	6000000	30.5799
57000000	7000000	38.1731
57000000	8000000	36.9071
57000000	9000000	35.2486
57000000	10000000	31.9690
57000000	11000000	45.3608
57000000	12000000	35.0986
57000000	13000000	25.6938
57000000	14000000	46.1665
57000000	15000000	46.0053
57000000	16000000	36.8945
57000000	17000000	48.3620
57000000	18000000	55.5734
57000000	19000000	52.9032
57000000	20000000	39.1293
57000000	21000000	18.2680
57000000	22000000	69.6835
57000000	23000000	34.4257
57000000	24000000	39.2474
57000000	25000000	44.6018
57000000	26000000	26.2619
57000000	27000000	26.4026
57000000	28000000	37.0966
57000000	29000000	31.2549
57000000	30000000	25.0183
57000000	31000000	26.2389
57000000	32000000	25.2597
57000000	33000000	26.5017
57000000	34000000	35.1791
57000000	35000000	28.8372
57000000	36000000	35.0700
57000000	37000000	41.1345
57000000	38000000	46.8563
57000000	39000000	56.4893
57000000	40000000	71.9003
57000000	41000000	76.8184
57000000	42000000	65.2944
57000000	43000000	80.2243
57000000	44000000	89.4957
57000000	45000000	87.0896
57000000	46000000	95.2190
57000000	47000000	98.3058
57000000	48000000	111.1969
57000000	49000000	110.7271
57000000	50000000	109.5384
57000000	51000000	148.7967
57000000	52000000	110.1353
57000000	53000000	132.2625
57000000	54000000	184.9204
57000000	55000000	294.2225
57000000	56000000	809.4634
57000000	57000000	2149.4116
57000000	58000000	536.3093
57000000	59000000	248.8842
57000000	60000000	166.2604
57000000	61000000	139.1832
57000000	62000000	87.7949
58000000	1000000	1.0220
58000000	2000000	6.1320
58000000	3000000	16.3520
58000000	4000000	32.1750
58000000	5000000	32.7568
58000000	6000000	40.1646
58000000	7000000	33.1670
58000000	8000000	37.8227
58000000	9000000	36.3711
58000000	10000000	39.6844
58000000	11000000	40.2195
58000000	12000000	37.7252
58000000	13000000	29.6186
58000000	14000000	40.8792
58000000	15000000	39.3794
58000000	16000000	39.9363
58000000	17000000	40.5966
58000000	18000000	54.1808
58000000	19000000	42.6757
58000000	20000000	38.1913
58000000	21000000	24.3358
58000000	22000000	67.3405
58000000	23000000	35.0678
58000000	24000000	36.3535
58000000	25000000	41.3695
58000000	26000000	26.9980
58000000	27000000	27.7096
58000000	28000000	30.8176
58000000	29000000	32.2534
58000000	30000000	22.5702
58000000	31000000	19.8897
58000000	32000000	19.6206
58000000	33000000	23.5076
58000000	34000000	31.7613
58000000	35000000	30.4622
58000000	36000000	38.3087
58000000	37000000	40.9494
58000000	38000000	38.0425
58000000	39000000	51.3808
58000000	40000000	76.7646
58000000	41000000	63.5452
58000000	42000000	67.1013
58000000	43000000	73.9292
58000000	44000000	74.6608
58000000	45000000	86.5832
58000000	46000000	90.6083
58000000	47000000	86.8022
58000000	48000000	95.2908
58000000	49000000	114.3612
58000000	50000000	116.4129
58000000	51000000	137.5100
58000000	52000000	118.1278
58000000	53000000	128.0974
58000000	54000000	138.4608
58000000	55000000	141.0645
58000000	56000000	186.4861
58000000	57000000	536.3093
58000000	58000000	2549.5989
58000000	59000000	794.6784
58000000	60000000	216.3132
58000000	61000000	151.2052
58000000	62000000	110.9485
59000000	1000000	1.0220
59000000	2000000	11.2420
59000000	3000000	19.4180
59000000	4000000	39.1225
59000000	5000000	37.1433
59000000	6000000	45.7540
59000000	7000000	37.9342
59000000	8000000	38.2811
59000000	9000000	45.0878
59000000	10000000	60.4917
59000000	11000000	45.8579
59000000	12000000	43.3818
59000000	13000000	44.6544
59000000	14000000	56.4141
59000000	15000000	65.2410
59000000	16000000	60.4042
59000000	17000000	69.6418
59000000	18000000	52.1424
59000000	19000000	43.2143
59000000	20000000	38.6468
59000000	21000000	21.5314
59000000	22000000	59.5323
59000000	23000000	54.2095
59000000	24000000	56.6304
59000000	25000000	44.6069
59000000	26000000	42.3956
59000000	27000000	52.7496
59000000	28000000	58.7947
59000000	29000000	33.8685
59000000	30000000	37.8920
59000000	31000000	35.5744
59000000	32000000	36.6325
59000000	33000000	37.7607
59000000	34000000	37.5582
59000000	35000000	40.8405
59000000	36000000	39.0603
59000000	37000000	45.5387
59000000	38000000	63.7734
59000000	39000000	102.3013
59000000	40000000	68.4726
59000000	41000000	62.5201
59000000	42000000	54.7485
59000000	43000000	75.5531
59000000	44000000	68.0523
59000000	45000000	80.8707
59000000	46000000	95.3031
59000000	47000000	79.5756
59000000	48000000	82.0588
59000000	49000000	126.2375
59000000	50000000	125.2438
59000000	51000000	147.4369
59000000	52000000	127.9966
59000000	53000000	133.6569
59000000	54000000	100.7663
59000000	55000000	126.4399
59000000	56000000	145.6667
59000000	57000000	248.8842
59000000	58000000	794.6784
59000000	59000000	2973.6218
59000000	60000000	923.1416
59000000	61000000	270.6971
59000000	62000000	112.0994
60000000	1000000	3.0660
60000000	2000000	7.1540
60000000	3000000	14.3080
60000000	4000000	32.2635
60000000	5000000	35.2238
60000000	6000000	40.1662
60000000	7000000	33.6400
60000000	8000000	40.2780
60000000	9000000	36.6121
60000000	10000000	49.8741
60000000	11000000	53.0846
60000000	12000000	44.7143
60000000	13000000	42.7489
60000000	14000000	59.8577
60000000	15000000	59.7308
60000000	16000000	69.3437
60000000	17000000	63.2978
60000000	18000000	48.3124
60000000	19000000	43.9492
60000000	20000000	30.1530
60000000	21000000	28.4141
60000000	22000000	57.7858
60000000	23000000	48.9212
60000000	24000000	52.9579
60000000	25000000	41.8950
60000000	26000000	40.9151
60000000	27000000	47.5199
60000000	28000000	59.4816
60000000	29000000	36.7180
60000000	30000000	33.9454
60000000	31000000	29.8026
60000000	32000000	34.1479
60000000	33000000	35.4982
60000000	34000000	42.9446
60000000	35000000	42.7913
60000000	36000000	32.4785
60000000	37000000	44.4285
60000000	38000000	67.5370
60000000	39000000	98.2604
60000000	40000000	58.2520
60000000	41000000	55.0182
60000000	42000000	57.4413
60000000	43000000	69.9836
60000000	44000000	67.0556
60000000	45000000	84.1030
60000000	46000000	85.9682
60000000	47000000	85.9504
60000000	48000000	84.5415
60000000	49000000	117.2183
60000000	50000000	122.1514
60000000	51000000	120.5388
60000000	52000000	118.1056
60000000	53000000	117.7785
60000000	54000000	99.7197
60000000	55000000	120.0651
60000000	56000000	137.0281
60000000	57000000	166.2604
60000000	58000000	216.3132
60000000	59000000	923.1416
60000000	60000000	2931.5740
60000000	61000000	670.1555
60000000	62000000	147.8093
61000000	1000000	1.0220
61000000	2000000	10.2200
61000000	3000000	23.5060
61000000	4000000	41.1103
61000000	5000000	38.4360
61000000	6000000	50.5493
61000000	7000000	39.3461
61000000	8000000	39.9927
61000000	9000000	50.0642
61000000	10000000	55.4536
61000000	11000000	53.3941
61000000	12000000	46.6253
61000000	13000000	48.8579
61000000	14000000	59.7090
61000000	15000000	61.6165
61000000	16000000	60.2431
61000000	17000000	56.4130
61000000	18000000	55.4628
61000000	19000000	51.1260
61000000	20000000	37.8955
61000000	21000000	27.9022
61000000	22000000	63.6275
61000000	23000000	47.6655
61000000	24000000	56.3839
61000000	25000000	42.0416
61000000	26000000	41.9852
61000000	27000000	59.0890
61000000	28000000	62.5533
61000000	29000000	41.1172
61000000	30000000	40.4899
61000000	31000000	34.4020
61000000	32000000	43.2863
61000000	33000000	39.9244
61000000	34000000	39.3656
61000000	35000000	46.7737
61000000	36000000	34.3174
61000000	37000000	44.7354
61000000	38000000	74.3289
61000000	39000000	112.8657
61000000	40000000	75.4681
61000000	41000000	55.4632
61000000	42000000	60.7522
61000000	43000000	86.9548
61000000	44000000	70.3175
61000000	45000000	77.2675
61000000	46000000	89.0942
61000000	47000000	85.0369
61000000	48000000	87.7193
61000000	49000000	137.3499
61000000	50000000	120.9685
61000000	51000000	129.9326
61000000	52000000	114.7388
61000000	53000000	116.8225
61000000	54000000	116.4599
61000000	55000000	113.9194
61000000	56000000	111.6296
61000000	57000000	139.1832
61000000	58000000	151.2052
61000000	59000000	270.6971
61000000	60000000	670.1555
61000000	61000000	3604.0004
61000000	62000000	768.7397
62000000	2000000	4.0880
62000000	3000000	10.2200
62000000	4000000	19.1328
62000000	5000000	26.5631
62000000	6000000	24.9592
62000000	7000000	25.9694
62000000	8000000	26.0686
62000000	9000000	27.1092
62000000	10000000	25.4251
62000000	11000000	23.9628
62000000	12000000	25.5634
62000000	13000000	15.3901
62000000	14000000	31.2066
62000000	15000000	27.9101
62000000	16000000	26.0048
62000000	17000000	32.3143
62000000	18000000	33.8666
62000000	19000000	36.2907
62000000	20000000	29.4526
62000000	21000000	23.2682
62000000	22000000	39.4286
62000000	23000000	25.7928
62000000	24000000	24.1762
62000000	25000000	31.3554
62000000	26000000	21.3793
62000000	27000000	18.7402
62000000	28000000	22.7252
62000000	29000000	17.5189
62000000	30000000	14.3094
62000000	31000000	16.1711
62000000	32000000	18.7437
62000000	33000000	16.9946
62000000	34000000	21.9406
62000000	35000000	17.6524
62000000	36000000	22.4749
62000000	37000000	26.5739
62000000	38000000	27.2030
62000000	39000000	38.5332
62000000	40000000	44.8183
62000000	41000000	40.7301
62000000	42000000	39.5969
62000000	43000000	46.3661
62000000	44000000	52.0866
62000000	45000000	52.0963
62000000	46000000	55.1509
62000000	47000000	66.0328
62000000	48000000	56.9174
62000000	49000000	67.9533
62000000	50000000	73.1270
62000000	51000000	77.3677
62000000	52000000	69.2125
62000000	53000000	74.1616
62000000	54000000	62.8329
62000000	55000000	83.0823
62000000	56000000	71.5170
62000000	57000000	87.7949
62000000	58000000	110.9485
62000000	59000000	112.0994
62000000	60000000	147.8093
62000000	61000000	768.7397
62000000	62000000	1724.2957
