1000000	1000000	1979.2190
1000000	2000000	460.7752
1000000	3000000	160.4978
1000000	4000000	124.4935
1000000	5000000	101.1882
1000000	6000000	108.2607
1000000	7000000	75.4363
1000000	8000000	106.1790
1000000	9000000	101.1879
1000000	10000000	135.4359
1000000	11000000	140.4123
1000000	12000000	78.5933
1000000	13000000	76.3483
1000000	14000000	98.0374
1000000	15000000	107.4621
1000000	16000000	110.3477
1000000	17000000	72.8310
1000000	18000000	53.5273
1000000	19000000	51.6285
1000000	20000000	56.2837
1000000	21000000	54.9851
1000000	22000000	73.1233
1000000	23000000	51.7032
1000000	24000000	71.8786
1000000	25000000	84.5125
1000000	26000000	70.4463
1000000	27000000	66.7119
1000000	28000000	50.8675
1000000	29000000	58.7586
1000000	30000000	60.4852
1000000	31000000	54.7841
1000000	32000000	45.5937
1000000	33000000	63.9562
1000000	34000000	46.9650
1000000	35000000	46.7068
1000000	36000000	44.0167
1000000	37000000	52.5799
1000000	38000000	47.4665
1000000	39000000	53.3020
1000000	40000000	45.5367
1000000	41000000	51.7162
1000000	42000000	57.8389
1000000	43000000	46.8417
1000000	44000000	37.5654
1000000	45000000	40.3520
1000000	46000000	37.4178
1000000	47000000	32.4562
1000000	48000000	34.3000
1000000	49000000	38.4398
1000000	50000000	31.8596
1000000	51000000	42.1604
1000000	52000000	43.1368
1000000	53000000	35.2330
1000000	54000000	49.4618
1000000	55000000	39.5157
1000000	56000000	29.6685
1000000	57000000	27.5700
1000000	58000000	31.4785
1000000	59000000	25.8546
1000000	60000000	36.3010
2000000	1000000	460.7752
2000000	2000000	3867.6272
2000000	3000000	551.7059
2000000	4000000	137.8277
2000000	5000000	79.8069
2000000	6000000	80.2428
2000000	7000000	46.1582
2000000	8000000	81.8653
2000000	9000000	76.4926
2000000	10000000	133.0951
2000000	11000000	139.7910
2000000	12000000	44.0375
2000000	13000000	44.7139
2000000	14000000	82.1314
2000000	15000000	98.0046
2000000	16000000	132.8574
2000000	17000000	65.5013
2000000	18000000	36.2403
2000000	19000000	28.2009
2000000	20000000	30.5327
2000000	21000000	39.6970
2000000	22000000	65.5261
2000000	23000000	33.0265
2000000	24000000	62.6266
2000000	25000000	101.9639
2000000	26000000	99.0041
2000000	27000000	84.4616
2000000	28000000	48.6397
2000000	29000000	80.8522
2000000	30000000	105.4585
2000000	31000000	66.4172
2000000	32000000	31.6767
2000000	33000000	44.6661
2000000	34000000	64.1463
2000000	35000000	40.8540
2000000	36000000	40.0781
2000000	37000000	60.9536
2000000	38000000	66.6617
2000000	39000000	70.6507
2000000	40000000	37.8474
2000000	41000000	45.4278
2000000	42000000	47.2721
2000000	43000000	44.0026
2000000	44000000	31.1585
2000000	45000000	22.6997
2000000	46000000	23.6547
2000000	47000000	34.8072
2000000	48000000	45.3053
2000000	49000000	32.4794
2000000	50000000	40.9131
2000000	51000000	37.9577
2000000	52000000	27.4352
2000000	53000000	24.9234
2000000	54000000	25.4666
2000000	55000000	24.4205
2000000	56000000	12.1336
2000000	57000000	21.7844
2000000	58000000	35.8693
2000000	59000000	26.3216
2000000	60000000	32.5379
3000000	1000000	160.4978
3000000	2000000	551.7059
3000000	3000000	2837.0673
3000000	4000000	996.2787
3000000	5000000	235.2768
3000000	6000000	150.6086
3000000	7000000	91.4894
3000000	8000000	111.1909
3000000	9000000	97.0491
3000000	10000000	128.6869
3000000	11000000	136.0621
3000000	12000000	68.5183
3000000	13000000	76.8645
3000000	14000000	104.3403
3000000	15000000	101.8294
3000000	16000000	102.4967
3000000	17000000	85.2359
3000000	18000000	56.8494
3000000	19000000	48.4376
3000000	20000000	58.0269
3000000	21000000	64.5993
3000000	22000000	72.7975
3000000	23000000	54.4339
3000000	24000000	78.0080
3000000	25000000	75.6842
3000000	26000000	60.6675
3000000	27000000	59.3352
3000000	28000000	53.9308
3000000	29000000	50.6996
3000000	30000000	51.3429
3000000	31000000	60.0883
3000000	32000000	43.2203
3000000	33000000	48.5496
3000000	34000000	45.2698
3000000	35000000	46.7277
3000000	36000000	44.0803
3000000	37000000	46.2194
3000000	38000000	41.6648
3000000	39000000	42.1012
3000000	40000000	34.5495
3000000	41000000	28.5344
3000000	42000000	39.9450
3000000	43000000	38.6924
3000000	44000000	29.3398
3000000	45000000	27.5952
3000000	46000000	24.8207
3000000	47000000	24.0261
3000000	48000000	26.9796
3000000	49000000	25.8980
3000000	50000000	26.4812
3000000	51000000	24.5863
3000000	52000000	28.4473
3000000	53000000	26.4975
3000000	54000000	24.1488
3000000	55000000	22.9806
3000000	56000000	18.7966
3000000	57000000	16.1455
3000000	58000000	26.9230
3000000	59000000	18.0981
3000000	60000000	25.8031
4000000	1000000	124.4935
4000000	2000000	137.8277
4000000	3000000	996.2787
4000000	4000000	2867.9503
4000000	5000000	915.6765
4000000	6000000	246.0660
4000000	7000000	139.0814
4000000	8000000	156.5384
4000000	9000000	125.4932
4000000	10000000	143.5809
4000000	11000000	133.4675
4000000	12000000	99.2433
4000000	13000000	98.4830
4000000	14000000	118.8013
4000000	15000000	107.2099
4000000	16000000	103.1268
4000000	17000000	93.8113
4000000	18000000	81.5871
4000000	19000000	76.2385
4000000	20000000	73.9797
4000000	21000000	74.1952
4000000	22000000	84.1514
4000000	23000000	65.2246
4000000	24000000	80.2784
4000000	25000000	63.2956
4000000	26000000	58.6635
4000000	27000000	58.7894
4000000	28000000	60.0638
4000000	29000000	41.4355
4000000	30000000	43.3090
4000000	31000000	57.9757
4000000	32000000	47.1063
4000000	33000000	53.0870
4000000	34000000	38.8322
4000000	35000000	45.1614
4000000	36000000	44.0755
4000000	37000000	43.6921
4000000	38000000	35.8283
4000000	39000000	33.2768
4000000	40000000	37.9241
4000000	41000000	34.3364
4000000	42000000	35.6533
4000000	43000000	34.5132
4000000	44000000	33.5516
4000000	45000000	32.9696
4000000	46000000	33.4850
4000000	47000000	25.4669
4000000	48000000	21.9081
4000000	49000000	29.8084
4000000	50000000	20.1038
4000000	51000000	23.3513
4000000	52000000	30.0311
4000000	53000000	27.1281
4000000	54000000	30.7285
4000000	55000000	24.6034
4000000	56000000	23.4662
4000000	57000000	15.1335
4000000	58000000	25.5322
4000000	59000000	19.2494
4000000	60000000	23.3826
5000000	1000000	101.1882
5000000	2000000	79.8069
5000000	3000000	235.2768
5000000	4000000	915.6765
5000000	5000000	2779.7006
5000000	6000000	795.9568
5000000	7000000	284.8966
5000000	8000000	222.7237
5000000	9000000	167.9422
5000000	10000000	140.0680
5000000	11000000	117.7495
5000000	12000000	119.3286
5000000	13000000	112.5733
5000000	14000000	133.3543
5000000	15000000	111.2565
5000000	16000000	95.1991
5000000	17000000	98.5688
5000000	18000000	100.5994
5000000	19000000	92.8141
5000000	20000000	93.7135
5000000	21000000	95.7361
5000000	22000000	93.3255
5000000	23000000	93.7033
5000000	24000000	97.2021
5000000	25000000	48.8424
5000000	26000000	50.8014
5000000	27000000	55.8186
5000000	28000000	55.0589
5000000	29000000	38.1282
5000000	30000000	31.1537
5000000	31000000	48.5339
5000000	32000000	52.2743
5000000	33000000	54.6319
5000000	34000000	28.6822
5000000	35000000	39.1585
5000000	36000000	44.6897
5000000	37000000	42.2496
5000000	38000000	36.5476
5000000	39000000	31.1260
5000000	40000000	34.8766
5000000	41000000	30.8082
5000000	42000000	36.3137
5000000	43000000	29.3508
5000000	44000000	25.5031
5000000	45000000	33.8435
5000000	46000000	35.9582
5000000	47000000	22.5193
5000000	48000000	18.8811
5000000	49000000	24.7223
5000000	50000000	19.3168
5000000	51000000	23.2211
5000000	52000000	29.1230
5000000	53000000	24.7573
5000000	54000000	29.0280
5000000	55000000	27.9172
5000000	56000000	20.2264
5000000	57000000	15.6288
5000000	58000000	20.8474
5000000	59000000	16.9122
5000000	60000000	22.4235
6000000	1000000	108.2607
6000000	2000000	80.2428
6000000	3000000	150.6086
6000000	4000000	246.0660
6000000	5000000	795.9568
6000000	6000000	3342.2065
6000000	7000000	1212.5829
6000000	8000000	466.4222
6000000	9000000	192.4650
6000000	10000000	176.3944
6000000	11000000	143.3437
6000000	12000000	106.8947
6000000	13000000	121.3544
6000000	14000000	135.1947
6000000	15000000	118.0466
6000000	16000000	105.8174
6000000	17000000	111.6515
6000000	18000000	95.7460
6000000	19000000	86.2875
6000000	20000000	80.3357
6000000	21000000	93.6175
6000000	22000000	92.7474
6000000	23000000	73.6912
6000000	24000000	92.0268
6000000	25000000	60.9490
6000000	26000000	58.4677
6000000	27000000	65.9110
6000000	28000000	59.6501
6000000	29000000	41.7749
6000000	30000000	38.4794
6000000	31000000	52.4230
6000000	32000000	57.8328
6000000	33000000	59.0167
6000000	34000000	30.3837
6000000	35000000	41.0501
6000000	36000000	49.9385
6000000	37000000	45.2255
6000000	38000000	35.2132
6000000	39000000	35.4363
6000000	40000000	43.5530
6000000	41000000	40.6745
6000000	42000000	33.4826
6000000	43000000	37.1112
6000000	44000000	27.8167
6000000	45000000	36.5920
6000000	46000000	35.1149
6000000	47000000	24.1021
6000000	48000000	19.3370
6000000	49000000	26.5186
6000000	50000000	25.1151
6000000	51000000	24.5280
6000000	52000000	35.1514
6000000	53000000	28.8788
6000000	54000000	33.3863
6000000	55000000	33.8264
6000000	56000000	28.3753
6000000	57000000	19.2247
6000000	58000000	22.9076
6000000	59000000	21.5982
6000000	60000000	27.7674
7000000	1000000	75.4363
7000000	2000000	46.1582
7000000	3000000	91.4894
7000000	4000000	139.0814
7000000	5000000	284.8966
7000000	6000000	1212.5829
7000000	7000000	2912.5827
7000000	8000000	867.8179
7000000	9000000	222.2586
7000000	10000000	132.7623
7000000	11000000	86.6272
7000000	12000000	111.0491
7000000	13000000	109.8503
7000000	14000000	102.8214
7000000	15000000	84.1048
7000000	16000000	61.4493
7000000	17000000	77.8160
7000000	18000000	90.6788
7000000	19000000	91.0005
7000000	20000000	82.4373
7000000	21000000	80.8542
7000000	22000000	69.2264
7000000	23000000	72.6306
7000000	24000000	74.5039
7000000	25000000	38.6084
7000000	26000000	37.9228
7000000	27000000	46.2967
7000000	28000000	50.1553
7000000	29000000	28.8859
7000000	30000000	25.3219
7000000	31000000	51.0437
7000000	32000000	43.3916
7000000	33000000	54.0250
7000000	34000000	25.1205
7000000	35000000	35.4580
7000000	36000000	38.1819
7000000	37000000	30.4693
7000000	38000000	29.0216
7000000	39000000	32.3919
7000000	40000000	31.3181
7000000	41000000	27.0248
7000000	42000000	33.3241
7000000	43000000	32.2547
7000000	44000000	23.9178
7000000	45000000	31.8884
7000000	46000000	27.4067
7000000	47000000	22.1194
7000000	48000000	18.8241
7000000	49000000	19.2950
7000000	50000000	22.4432
7000000	51000000	23.2958
7000000	52000000	26.0139
7000000	53000000	25.1224
7000000	54000000	26.7826
7000000	55000000	28.8042
7000000	56000000	22.1871
7000000	57000000	16.5376
7000000	58000000	18.0664
7000000	59000000	15.7356
7000000	60000000	23.7086
8000000	1000000	106.1790
8000000	2000000	81.8653
8000000	3000000	111.1909
8000000	4000000	156.5384
8000000	5000000	222.7237
8000000	6000000	466.4222
8000000	7000000	867.8179
8000000	8000000	3060.4726
8000000	9000000	1208.8121
8000000	10000000	314.3634
8000000	11000000	166.5393
8000000	12000000	117.3608
8000000	13000000	114.2002
8000000	14000000	144.9224
8000000	15000000	111.4977
8000000	16000000	103.2733
8000000	17000000	114.6539
8000000	18000000	104.8969
8000000	19000000	91.4937
8000000	20000000	96.7551
8000000	21000000	91.1227
8000000	22000000	99.5273
8000000	23000000	88.7144
8000000	24000000	93.9074
8000000	25000000	54.4494
8000000	26000000	50.9109
8000000	27000000	64.0362
8000000	28000000	52.1772
8000000	29000000	39.4672
8000000	30000000	34.7127
8000000	31000000	63.5222
8000000	32000000	58.9332
8000000	33000000	61.9858
8000000	34000000	33.8603
8000000	35000000	42.2391
8000000	36000000	46.5756
8000000	37000000	40.9877
8000000	38000000	35.0829
8000000	39000000	35.6007
8000000	40000000	36.0365
8000000	41000000	40.7293
8000000	42000000	42.4262
8000000	43000000	35.5262
8000000	44000000	30.7856
8000000	45000000	33.8754
8000000	46000000	38.9481
8000000	47000000	23.4106
8000000	48000000	20.1725
8000000	49000000	30.9873
8000000	50000000	24.8104
8000000	51000000	26.5742
8000000	52000000	31.8511
8000000	53000000	23.7176
8000000	54000000	34.5794
8000000	55000000	34.2606
8000000	56000000	23.9131
8000000	57000000	14.9477
8000000	58000000	22.0783
8000000	59000000	16.3937
8000000	60000000	25.7792
9000000	1000000	101.1879
9000000	2000000	76.4926
9000000	3000000	97.0491
9000000	4000000	125.4932
9000000	5000000	167.9422
9000000	6000000	192.4650
9000000	7000000	222.2586
9000000	8000000	1208.8121
9000000	9000000	2847.8114
9000000	10000000	669.2205
9000000	11000000	171.6861
9000000	12000000	125.2294
9000000	13000000	110.6090
9000000	14000000	134.8392
9000000	15000000	107.3248
9000000	16000000	98.1894
9000000	17000000	104.7373
9000000	18000000	87.4250
9000000	19000000	79.6797
9000000	20000000	93.9380
9000000	21000000	90.7902
9000000	22000000	92.7339
9000000	23000000	71.2658
9000000	24000000	84.2601
9000000	25000000	59.0781
9000000	26000000	55.0294
9000000	27000000	65.8919
9000000	28000000	61.4621
9000000	29000000	43.1531
9000000	30000000	42.5059
9000000	31000000	62.2964
9000000	32000000	54.0397
9000000	33000000	55.1356
9000000	34000000	30.6200
9000000	35000000	38.9134
9000000	36000000	46.1624
9000000	37000000	43.3080
9000000	38000000	38.3674
9000000	39000000	35.8843
9000000	40000000	37.7537
9000000	41000000	39.0666
9000000	42000000	29.7935
9000000	43000000	35.0415
9000000	44000000	33.6408
9000000	45000000	39.3063
9000000	46000000	35.2412
9000000	47000000	21.2316
9000000	48000000	19.9732
9000000	49000000	28.6262
9000000	50000000	23.7244
9000000	51000000	24.2033
9000000	52000000	28.6917
9000000	53000000	23.8707
9000000	54000000	30.9749
9000000	55000000	26.6284
9000000	56000000	21.4621
9000000	57000000	13.0915
9000000	58000000	21.1647
9000000	59000000	14.6456
9000000	60000000	23.5393
10000000	1000000	135.4359
10000000	2000000	133.0951
10000000	3000000	128.6869
10000000	4000000	143.5809
10000000	5000000	140.0680
10000000	6000000	176.3944
10000000	7000000	132.7623
10000000	8000000	314.3634
10000000	9000000	669.2205
10000000	10000000	3651.5953
10000000	11000000	817.2255
10000000	12000000	182.8457
10000000	13000000	141.8495
10000000	14000000	149.4082
10000000	15000000	146.0385
10000000	16000000	151.4115
10000000	17000000	123.2804
10000000	18000000	83.5391
10000000	19000000	75.3077
10000000	20000000	80.5176
10000000	21000000	91.1311
10000000	22000000	122.7711
10000000	23000000	82.3554
10000000	24000000	100.0693
10000000	25000000	97.7776
10000000	26000000	98.8142
10000000	27000000	86.5599
10000000	28000000	75.7478
10000000	29000000	63.3215
10000000	30000000	64.3995
10000000	31000000	77.4547
10000000	32000000	60.4419
10000000	33000000	68.6618
10000000	34000000	51.7383
10000000	35000000	57.3702
10000000	36000000	61.4462
10000000	37000000	56.4112
10000000	38000000	55.1029
10000000	39000000	49.0994
10000000	40000000	49.6104
10000000	41000000	49.1430
10000000	42000000	53.0797
10000000	43000000	47.5093
10000000	44000000	39.9270
10000000	45000000	35.2570
10000000	46000000	36.4799
10000000	47000000	37.5130
10000000	48000000	30.0767
10000000	49000000	38.9689
10000000	50000000	34.3949
10000000	51000000	25.9562
10000000	52000000	35.3958
10000000	53000000	28.7823
10000000	54000000	31.2526
10000000	55000000	28.8206
10000000	56000000	23.3944
10000000	57000000	15.3998
10000000	58000000	28.7690
10000000	59000000	27.7295
10000000	60000000	34.3126
11000000	1000000	140.4123
11000000	2000000	139.7910
11000000	3000000	136.0621
11000000	4000000	133.4675
11000000	5000000	117.7495
11000000	6000000	143.3437
11000000	7000000	86.6272
11000000	8000000	166.5393
11000000	9000000	171.6861
11000000	10000000	817.2255
11000000	11000000	3715.5390
11000000	12000000	562.1418
11000000	13000000	283.3899
11000000	14000000	234.7360
11000000	15000000	186.2616
11000000	16000000	170.3334
11000000	17000000	130.1998
11000000	18000000	75.8454
11000000	19000000	68.6387
11000000	20000000	85.4339
11000000	21000000	92.5241
11000000	22000000	119.0867
11000000	23000000	78.8713
11000000	24000000	117.8305
11000000	25000000	107.6475
11000000	26000000	88.4532
11000000	27000000	93.6126
11000000	28000000	66.6312
11000000	29000000	76.9311
11000000	30000000	85.7003
11000000	31000000	92.1895
11000000	32000000	59.4500
11000000	33000000	71.5733
11000000	34000000	63.8920
11000000	35000000	54.9088
11000000	36000000	52.5666
11000000	37000000	70.9612
11000000	38000000	56.2548
11000000	39000000	59.2527
11000000	40000000	53.1345
11000000	41000000	52.5106
11000000	42000000	53.9304
11000000	43000000	49.4333
11000000	44000000	44.6685
11000000	45000000	35.4232
11000000	46000000	37.1401
11000000	47000000	39.6009
11000000	48000000	33.6058
11000000	49000000	32.5914
11000000	50000000	32.9436
11000000	51000000	26.1329
11000000	52000000	34.1293
11000000	53000000	34.1099
11000000	54000000	26.8467
11000000	55000000	25.8998
11000000	56000000	30.0497
11000000	57000000	20.9682
11000000	58000000	29.3139
11000000	59000000	27.5137
11000000	60000000	29.8862
12000000	1000000	78.5933
12000000	2000000	44.0375
12000000	3000000	68.5183
12000000	4000000	99.2433
12000000	5000000	119.3286
12000000	6000000	106.8947
12000000	7000000	111.0491
12000000	8000000	117.3608
12000000	9000000	125.2294
12000000	10000000	182.8457
12000000	11000000	562.1418
12000000	12000000	2722.9717
12000000	13000000	992.7672
12000000	14000000	261.0684
12000000	15000000	145.3889
12000000	16000000	106.7560
12000000	17000000	105.4416
12000000	18000000	118.5676
12000000	19000000	93.0906
12000000	20000000	100.4739
12000000	21000000	88.2663
12000000	22000000	99.3793
12000000	23000000	97.0474
12000000	24000000	100.9698
12000000	25000000	50.9442
12000000	26000000	55.8423
12000000	27000000	56.2611
12000000	28000000	61.2177
12000000	29000000	41.1688
12000000	30000000	36.5531
12000000	31000000	53.7304
12000000	32000000	65.2416
12000000	33000000	57.8120
12000000	34000000	27.7474
12000000	35000000	43.2870
12000000	36000000	44.7350
12000000	37000000	36.4827
12000000	38000000	28.7453
12000000	39000000	27.6296
12000000	40000000	44.4725
12000000	41000000	36.2686
12000000	42000000	35.9171
12000000	43000000	33.1134
12000000	44000000	26.3741
12000000	45000000	35.1939
12000000	46000000	31.3639
12000000	47000000	28.9705
12000000	48000000	21.0138
12000000	49000000	28.0388
12000000	50000000	17.8207
12000000	51000000	27.4087
12000000	52000000	31.8498
12000000	53000000	23.5879
12000000	54000000	31.2192
12000000	55000000	27.3462
12000000	56000000	23.1202
12000000	57000000	14.9386
12000000	58000000	19.2705
12000000	59000000	19.6499
12000000	60000000	18.1426
13000000	1000000	76.3483
13000000	2000000	44.7139
13000000	3000000	76.8645
13000000	4000000	98.4830
13000000	5000000	112.5733
13000000	6000000	121.3544
13000000	7000000	109.8503
13000000	8000000	114.2002
13000000	9000000	110.6090
13000000	10000000	141.8495
13000000	11000000	283.3899
13000000	12000000	992.7672
13000000	13000000	2364.1802
13000000	14000000	971.8768
13000000	15000000	220.5225
13000000	16000000	100.7743
13000000	17000000	101.5781
13000000	18000000	106.9470
13000000	19000000	97.6260
13000000	20000000	102.7524
13000000	21000000	86.3265
13000000	22000000	91.9311
13000000	23000000	89.4193
13000000	24000000	99.9115
13000000	25000000	44.8156
13000000	26000000	43.3104
13000000	27000000	62.0362
13000000	28000000	52.5243
13000000	29000000	36.0774
13000000	30000000	36.1159
13000000	31000000	50.6442
13000000	32000000	64.0041
13000000	33000000	60.2555
13000000	34000000	27.3521
13000000	35000000	37.0052
13000000	36000000	46.4144
13000000	37000000	36.6279
13000000	38000000	33.3694
13000000	39000000	30.4323
13000000	40000000	30.3079
13000000	41000000	39.5157
13000000	42000000	35.4128
13000000	43000000	27.0636
13000000	44000000	26.2532
13000000	45000000	37.7332
13000000	46000000	33.0971
13000000	47000000	24.0317
13000000	48000000	20.5003
13000000	49000000	22.1909
13000000	50000000	19.7499
13000000	51000000	22.1842
13000000	52000000	29.5266
13000000	53000000	24.9373
13000000	54000000	25.8529
13000000	55000000	25.5643
13000000	56000000	19.0672
13000000	57000000	15.9582
13000000	58000000	21.8802
13000000	59000000	15.1401
13000000	60000000	18.6795
14000000	1000000	98.0374
14000000	2000000	82.1314
14000000	3000000	104.3403
14000000	4000000	118.8013
14000000	5000000	133.3543
14000000	6000000	135.1947
14000000	7000000	102.8214
14000000	8000000	144.9224
14000000	9000000	134.8392
14000000	10000000	149.4082
14000000	11000000	234.7360
14000000	12000000	261.0684
14000000	13000000	971.8768
14000000	14000000	3620.3695
14000000	15000000	926.2150
14000000	16000000	188.8942
14000000	17000000	135.3749
14000000	18000000	115.3032
14000000	19000000	103.6575
14000000	20000000	110.2299
14000000	21000000	113.2718
14000000	22000000	120.5890
14000000	23000000	101.4215
14000000	24000000	120.0458
14000000	25000000	73.4394
14000000	26000000	66.8561
14000000	27000000	74.4280
14000000	28000000	72.1668
14000000	29000000	48.2408
14000000	30000000	51.4556
14000000	31000000	76.5550
14000000	32000000	69.7506
14000000	33000000	77.1543
14000000	34000000	44.0030
14000000	35000000	48.5184
14000000	36000000	62.3960
14000000	37000000	57.5082
14000000	38000000	44.1758
14000000	39000000	46.5981
14000000	40000000	49.5428
14000000	41000000	51.1897
14000000	42000000	50.6322
14000000	43000000	48.7275
14000000	44000000	37.1836
14000000	45000000	45.8399
14000000	46000000	50.9696
14000000	47000000	32.2773
14000000	48000000	26.2275
14000000	49000000	35.1757
14000000	50000000	30.0508
14000000	51000000	26.4626
14000000	52000000	36.5759
14000000	53000000	33.9721
14000000	54000000	36.7504
14000000	55000000	35.1195
14000000	56000000	26.5671
14000000	57000000	15.5759
14000000	58000000	26.5117
14000000	59000000	25.9988
14000000	60000000	28.3017
15000000	1000000	107.4621
15000000	2000000	98.0046
15000000	3000000	101.8294
15000000	4000000	107.2099
15000000	5000000	111.2565
15000000	6000000	118.0466
15000000	7000000	84.1048
15000000	8000000	111.4977
15000000	9000000	107.3248
15000000	10000000	146.0385
15000000	11000000	186.2616
15000000	12000000	145.3889
15000000	13000000	220.5225
15000000	14000000	926.2150
15000000	15000000	3722.2422
15000000	16000000	579.1480
15000000	17000000	186.5679
15000000	18000000	115.2648
15000000	19000000	92.1422
15000000	20000000	111.2690
15000000	21000000	108.8893
15000000	22000000	109.6287
15000000	23000000	92.9410
15000000	24000000	111.3631
15000000	25000000	100.1517
15000000	26000000	94.1082
15000000	27000000	96.2133
15000000	28000000	74.4357
15000000	29000000	59.6920
15000000	30000000	66.4325
15000000	31000000	89.0967
15000000	32000000	68.2386
15000000	33000000	72.5122
15000000	34000000	56.5730
15000000	35000000	61.4537
15000000	36000000	66.6804
15000000	37000000	61.1799
15000000	38000000	47.3586
15000000	39000000	51.7057
15000000	40000000	53.0684
15000000	41000000	58.2052
15000000	42000000	47.6950
15000000	43000000	47.6627
15000000	44000000	47.2221
15000000	45000000	47.5371
15000000	46000000	39.8206
15000000	47000000	36.3628
15000000	48000000	28.2214
15000000	49000000	41.7695
15000000	50000000	26.8051
15000000	51000000	29.5538
15000000	52000000	34.5602
15000000	53000000	32.8376
15000000	54000000	40.4586
15000000	55000000	36.0954
15000000	56000000	27.7134
15000000	57000000	20.8810
15000000	58000000	31.1199
15000000	59000000	22.8170
15000000	60000000	31.1694
16000000	1000000	110.3477
16000000	2000000	132.8574
16000000	3000000	102.4967
16000000	4000000	103.1268
16000000	5000000	95.1991
16000000	6000000	105.8174
16000000	7000000	61.4493
16000000	8000000	103.2733
16000000	9000000	98.1894
16000000	10000000	151.4115
16000000	11000000	170.3334
16000000	12000000	106.7560
16000000	13000000	100.7743
16000000	14000000	188.8942
16000000	15000000	579.1480
16000000	16000000	3570.7932
16000000	17000000	645.9292
16000000	18000000	139.0408
16000000	19000000	89.7462
16000000	20000000	104.4262
16000000	21000000	99.7745
16000000	22000000	154.5306
16000000	23000000	99.6610
16000000	24000000	126.8552
16000000	25000000	168.2986
16000000	26000000	146.7696
16000000	27000000	119.5351
16000000	28000000	93.2195
16000000	29000000	108.5590
16000000	30000000	110.9147
16000000	31000000	111.9011
16000000	32000000	70.5974
16000000	33000000	93.3175
16000000	34000000	92.0248
16000000	35000000	72.2460
16000000	36000000	65.2777
16000000	37000000	76.7668
16000000	38000000	75.4487
16000000	39000000	73.8106
16000000	40000000	64.5785
16000000	41000000	69.1948
16000000	42000000	63.9931
16000000	43000000	68.7615
16000000	44000000	54.3313
16000000	45000000	32.4588
16000000	46000000	37.3099
16000000	47000000	42.4660
16000000	48000000	34.9717
16000000	49000000	44.8897
16000000	50000000	39.0326
16000000	51000000	32.8733
16000000	52000000	39.0666
16000000	53000000	36.1256
16000000	54000000	36.0572
16000000	55000000	29.0904
16000000	56000000	24.7693
16000000	57000000	21.4870
16000000	58000000	33.5401
16000000	59000000	26.9970
16000000	60000000	34.0476
17000000	1000000	72.8310
17000000	2000000	65.5013
17000000	3000000	85.2359
17000000	4000000	93.8113
17000000	5000000	98.5688
17000000	6000000	111.6515
17000000	7000000	77.8160
17000000	8000000	114.6539
17000000	9000000	104.7373
17000000	10000000	123.2804
17000000	11000000	130.1998
17000000	12000000	105.4416
17000000	13000000	101.5781
17000000	14000000	135.3749
17000000	15000000	186.5679
17000000	16000000	645.9292
17000000	17000000	2770.0147
17000000	18000000	626.8414
17000000	19000000	241.7500
17000000	20000000	178.1876
17000000	21000000	156.4434
17000000	22000000	181.4252
17000000	23000000	106.9747
17000000	24000000	138.4441
17000000	25000000	96.6104
17000000	26000000	90.8419
17000000	27000000	107.6130
17000000	28000000	91.9540
17000000	29000000	64.8398
17000000	30000000	65.3079
17000000	31000000	99.9593
17000000	32000000	83.2184
17000000	33000000	98.1040
17000000	34000000	64.5709
17000000	35000000	66.3844
17000000	36000000	74.3924
17000000	37000000	55.8808
17000000	38000000	46.6622
17000000	39000000	49.2315
17000000	40000000	52.1171
17000000	41000000	58.6183
17000000	42000000	51.4549
17000000	43000000	38.8034
17000000	44000000	41.1553
17000000	45000000	47.8166
17000000	46000000	41.3880
17000000	47000000	32.0961
17000000	48000000	24.2327
17000000	49000000	32.2306
17000000	50000000	26.9202
17000000	51000000	28.8755
17000000	52000000	30.6664
17000000	53000000	31.9440
17000000	54000000	34.3447
17000000	55000000	27.8211
17000000	56000000	20.0867
17000000	57000000	16.2290
17000000	58000000	20.3190
17000000	59000000	18.4193
17000000	60000000	26.2572
18000000	1000000	53.5273
18000000	2000000	36.2403
18000000	3000000	56.8494
18000000	4000000	81.5871
18000000	5000000	100.5994
18000000	6000000	95.7460
18000000	7000000	90.6788
18000000	8000000	104.8969
18000000	9000000	87.4250
18000000	10000000	83.5391
18000000	11000000	75.8454
18000000	12000000	118.5676
18000000	13000000	106.9470
18000000	14000000	115.3032
18000000	15000000	115.2648
18000000	16000000	139.0408
18000000	17000000	626.8414
18000000	18000000	2401.1521
18000000	19000000	812.5187
18000000	20000000	289.0403
18000000	21000000	206.0855
18000000	22000000	154.2097
18000000	23000000	123.2826
18000000	24000000	115.0102
18000000	25000000	51.4832
18000000	26000000	51.9898
18000000	27000000	72.7126
18000000	28000000	89.9090
18000000	29000000	40.3057
18000000	30000000	31.5550
18000000	31000000	70.4678
18000000	32000000	90.8594
18000000	33000000	88.5018
18000000	34000000	33.1872
18000000	35000000	49.7179
18000000	36000000	59.9610
18000000	37000000	44.4450
18000000	38000000	34.6787
18000000	39000000	29.5264
18000000	40000000	52.2111
18000000	41000000	43.5343
18000000	42000000	36.7987
18000000	43000000	28.1418
18000000	44000000	38.1998
18000000	45000000	48.1310
18000000	46000000	47.8744
18000000	47000000	22.2114
18000000	48000000	21.4892
18000000	49000000	29.0596
18000000	50000000	20.9445
18000000	51000000	20.0747
18000000	52000000	25.7945
18000000	53000000	26.6022
18000000	54000000	32.9799
18000000	55000000	29.7725
18000000	56000000	25.4041
18000000	57000000	14.1651
18000000	58000000	19.2758
18000000	59000000	15.1527
18000000	60000000	23.6886
19000000	1000000	51.6285
19000000	2000000	28.2009
19000000	3000000	48.4376
19000000	4000000	76.2385
19000000	5000000	92.8141
19000000	6000000	86.2875
19000000	7000000	91.0005
19000000	8000000	91.4937
19000000	9000000	79.6797
19000000	10000000	75.3077
19000000	11000000	68.6387
19000000	12000000	93.0906
19000000	13000000	97.6260
19000000	14000000	103.6575
19000000	15000000	92.1422
19000000	16000000	89.7462
19000000	17000000	241.7500
19000000	18000000	812.5187
19000000	19000000	2144.9381
19000000	20000000	673.7114
19000000	21000000	255.1168
19000000	22000000	162.8903
19000000	23000000	129.8410
19000000	24000000	111.1460
19000000	25000000	41.5555
19000000	26000000	42.7149
19000000	27000000	64.0100
19000000	28000000	77.6005
19000000	29000000	39.1676
19000000	30000000	32.4406
19000000	31000000	55.4385
19000000	32000000	86.3373
19000000	33000000	85.4623
19000000	34000000	32.3511
19000000	35000000	38.5082
19000000	36000000	59.8920
19000000	37000000	42.0762
19000000	38000000	30.7718
19000000	39000000	30.6724
19000000	40000000	39.9018
19000000	41000000	33.7900
19000000	42000000	38.1451
19000000	43000000	27.7305
19000000	44000000	31.9333
19000000	45000000	41.8075
19000000	46000000	42.4402
19000000	47000000	19.9368
19000000	48000000	18.3133
19000000	49000000	23.7078
19000000	50000000	16.9338
19000000	51000000	18.3292
19000000	52000000	27.8491
19000000	53000000	21.6623
19000000	54000000	27.4384
19000000	55000000	34.4653
19000000	56000000	19.4795
19000000	57000000	9.5718
19000000	58000000	18.2170
19000000	59000000	12.8268
19000000	60000000	17.5952
20000000	1000000	56.2837
20000000	2000000	30.5327
20000000	3000000	58.0269
20000000	4000000	73.9797
20000000	5000000	93.7135
20000000	6000000	80.3357
20000000	7000000	82.4373
20000000	8000000	96.7551
20000000	9000000	93.9380
20000000	10000000	80.5176
20000000	11000000	85.4339
20000000	12000000	100.4739
20000000	13000000	102.7524
20000000	14000000	110.2299
20000000	15000000	111.2690
20000000	16000000	104.4262
20000000	17000000	178.1876
20000000	18000000	289.0403
20000000	19000000	673.7114
20000000	20000000	2518.9193
20000000	21000000	881.5957
20000000	22000000	253.4076
20000000	23000000	152.5395
20000000	24000000	143.6807
20000000	25000000	68.3044
20000000	26000000	42.2744
20000000	27000000	78.7768
20000000	28000000	78.8767
20000000	29000000	42.2509
20000000	30000000	36.0573
20000000	31000000	67.8228
20000000	32000000	84.0646
20000000	33000000	78.0859
20000000	34000000	36.3265
20000000	35000000	45.6074
20000000	36000000	63.2899
20000000	37000000	52.7124
20000000	38000000	31.0865
20000000	39000000	25.6863
20000000	40000000	49.6208
20000000	41000000	47.0785
20000000	42000000	35.6687
20000000	43000000	31.7770
20000000	44000000	36.8433
20000000	45000000	54.4502
20000000	46000000	44.7284
20000000	47000000	23.3200
20000000	48000000	16.8141
20000000	49000000	25.8090
20000000	50000000	20.6461
20000000	51000000	23.0811
20000000	52000000	33.7266
20000000	53000000	25.4065
20000000	54000000	34.9018
20000000	55000000	37.0781
20000000	56000000	22.1110
20000000	57000000	17.8594
20000000	58000000	18.4920
20000000	59000000	19.2452
20000000	60000000	21.2743
21000000	1000000	54.9851
21000000	2000000	39.6970
21000000	3000000	64.5993
21000000	4000000	74.1952
21000000	5000000	95.7361
21000000	6000000	93.6175
21000000	7000000	80.8542
21000000	8000000	91.1227
21000000	9000000	90.7902
21000000	10000000	91.1311
21000000	11000000	92.5241
21000000	12000000	88.2663
21000000	13000000	86.3265
21000000	14000000	113.2718
21000000	15000000	108.8893
21000000	16000000	99.7745
21000000	17000000	156.4434
21000000	18000000	206.0855
21000000	19000000	255.1168
21000000	20000000	881.5957
21000000	21000000	2303.5528
21000000	22000000	712.2549
21000000	23000000	218.1805
21000000	24000000	164.8260
21000000	25000000	77.2758
21000000	26000000	61.0084
21000000	27000000	86.7962
21000000	28000000	91.9359
21000000	29000000	46.3061
21000000	30000000	49.7818
21000000	31000000	74.3188
21000000	32000000	99.9681
21000000	33000000	95.1174
21000000	34000000	39.7500
21000000	35000000	52.6410
21000000	36000000	77.0082
21000000	37000000	59.0687
21000000	38000000	36.2506
21000000	39000000	32.3280
21000000	40000000	46.9356
21000000	41000000	43.2451
21000000	42000000	41.1501
21000000	43000000	31.3883
21000000	44000000	38.7937
21000000	45000000	48.8964
21000000	46000000	55.4361
21000000	47000000	31.1245
21000000	48000000	24.8247
21000000	49000000	28.5186
21000000	50000000	22.0764
21000000	51000000	17.2467
21000000	52000000	38.9987
21000000	53000000	28.3985
21000000	54000000	29.1624
21000000	55000000	32.8970
21000000	56000000	25.1806
21000000	57000000	15.5748
21000000	58000000	15.6227
21000000	59000000	14.6740
21000000	60000000	27.5103
22000000	1000000	73.1233
22000000	2000000	65.5261
22000000	3000000	72.7975
22000000	4000000	84.1514
22000000	5000000	93.3255
22000000	6000000	92.7474
22000000	7000000	69.2264
22000000	8000000	99.5273
22000000	9000000	92.7339
22000000	10000000	122.7711
22000000	11000000	119.0867
22000000	12000000	99.3793
22000000	13000000	91.9311
22000000	14000000	120.5890
22000000	15000000	109.6287
22000000	16000000	154.5306
22000000	17000000	181.4252
22000000	18000000	154.2097
22000000	19000000	162.8903
22000000	20000000	253.4076
22000000	21000000	712.2549
22000000	22000000	2894.2214
22000000	23000000	551.5608
22000000	24000000	279.6863
22000000	25000000	132.8725
22000000	26000000	97.4609
22000000	27000000	109.6959
22000000	28000000	101.8370
22000000	29000000	66.8406
22000000	30000000	62.6955
22000000	31000000	105.3850
22000000	32000000	112.2283
22000000	33000000	108.2636
22000000	34000000	61.4235
22000000	35000000	70.6342
22000000	36000000	75.6172
22000000	37000000	74.4678
22000000	38000000	48.9940
22000000	39000000	53.6226
22000000	40000000	68.1225
22000000	41000000	64.7858
22000000	42000000	50.0157
22000000	43000000	49.4119
22000000	44000000	51.9069
22000000	45000000	62.3727
22000000	46000000	53.7356
22000000	47000000	40.1087
22000000	48000000	27.6490
22000000	49000000	35.2073
22000000	50000000	33.1670
22000000	51000000	32.2285
22000000	52000000	38.3141
22000000	53000000	33.5277
22000000	54000000	37.1362
22000000	55000000	34.1854
22000000	56000000	29.6385
22000000	57000000	18.8167
22000000	58000000	23.1493
22000000	59000000	25.2987
22000000	60000000	27.6844
23000000	1000000	51.7032
23000000	2000000	33.0265
23000000	3000000	54.4339
23000000	4000000	65.2246
23000000	5000000	93.7033
23000000	6000000	73.6912
23000000	7000000	72.6306
23000000	8000000	88.7144
23000000	9000000	71.2658
23000000	10000000	82.3554
23000000	11000000	78.8713
23000000	12000000	97.0474
23000000	13000000	89.4193
23000000	14000000	101.4215
23000000	15000000	92.9410
23000000	16000000	99.6610
23000000	17000000	106.9747
23000000	18000000	123.2826
23000000	19000000	129.8410
23000000	20000000	152.5395
23000000	21000000	218.1805
23000000	22000000	551.5608
23000000	23000000	2224.9947
23000000	24000000	696.3762
23000000	25000000	111.0640
23000000	26000000	80.0391
23000000	27000000	86.5400
23000000	28000000	90.2606
23000000	29000000	52.1935
23000000	30000000	37.5818
23000000	31000000	70.5271
23000000	32000000	99.2216
23000000	33000000	92.1035
23000000	34000000	37.3083
23000000	35000000	55.7020
23000000	36000000	68.9787
23000000	37000000	55.8093
23000000	38000000	32.0937
23000000	39000000	35.4560
23000000	40000000	50.8766
23000000	41000000	45.6069
23000000	42000000	43.3023
23000000	43000000	30.9663
23000000	44000000	38.1762
23000000	45000000	55.3221
23000000	46000000	56.5465
23000000	47000000	21.5247
23000000	48000000	18.6761
23000000	49000000	32.6587
23000000	50000000	19.0185
23000000	51000000	22.6017
23000000	52000000	30.7642
23000000	53000000	28.2748
23000000	54000000	33.6399
23000000	55000000	31.1302
23000000	56000000	27.0418
23000000	57000000	14.8752
23000000	58000000	19.2549
23000000	59000000	13.9663
23000000	60000000	18.5101
24000000	1000000	71.8786
24000000	2000000	62.6266
24000000	3000000	78.0080
24000000	4000000	80.2784
24000000	5000000	97.2021
24000000	6000000	92.0268
24000000	7000000	74.5039
24000000	8000000	93.9074
24000000	9000000	84.2601
24000000	10000000	100.0693
24000000	11000000	117.8305
24000000	12000000	100.9698
24000000	13000000	99.9115
24000000	14000000	120.0458
24000000	15000000	111.3631
24000000	16000000	126.8552
24000000	17000000	138.4441
24000000	18000000	115.0102
24000000	19000000	111.1460
24000000	20000000	143.6807
24000000	21000000	164.8260
24000000	22000000	279.6863
24000000	23000000	696.3762
24000000	24000000	3125.2193
24000000	25000000	508.8282
24000000	26000000	141.7404
24000000	27000000	140.3543
24000000	28000000	123.9441
24000000	29000000	81.6967
24000000	30000000	64.0451
24000000	31000000	102.3718
24000000	32000000	110.1833
24000000	33000000	128.5413
24000000	34000000	71.7966
24000000	35000000	77.6865
24000000	36000000	91.2519
24000000	37000000	72.8472
24000000	38000000	48.7925
24000000	39000000	47.9801
24000000	40000000	66.1189
24000000	41000000	64.5256
24000000	42000000	54.7579
24000000	43000000	53.7094
24000000	44000000	51.9418
24000000	45000000	52.9559
24000000	46000000	55.9194
24000000	47000000	36.3864
24000000	48000000	28.7755
24000000	49000000	35.3351
24000000	50000000	36.7581
24000000	51000000	34.6331
24000000	52000000	42.3813
24000000	53000000	38.8495
24000000	54000000	40.5964
24000000	55000000	34.0563
24000000	56000000	28.0443
24000000	57000000	22.6741
24000000	58000000	28.6801
24000000	59000000	22.2088
24000000	60000000	28.5544
25000000	1000000	84.5125
25000000	2000000	101.9639
25000000	3000000	75.6842
25000000	4000000	63.2956
25000000	5000000	48.8424
25000000	6000000	60.9490
25000000	7000000	38.6084
25000000	8000000	54.4494
25000000	9000000	59.0781
25000000	10000000	97.7776
25000000	11000000	107.6475
25000000	12000000	50.9442
25000000	13000000	44.8156
25000000	14000000	73.4394
25000000	15000000	100.1517
25000000	16000000	168.2986
25000000	17000000	96.6104
25000000	18000000	51.4832
25000000	19000000	41.5555
25000000	20000000	68.3044
25000000	21000000	77.2758
25000000	22000000	132.8725
25000000	23000000	111.0640
25000000	24000000	508.8282
25000000	25000000	2995.6963
25000000	26000000	780.5899
25000000	27000000	182.0426
25000000	28000000	111.8842
25000000	29000000	147.1429
25000000	30000000	131.9244
25000000	31000000	111.7864
25000000	32000000	75.0244
25000000	33000000	88.6059
25000000	34000000	128.5932
25000000	35000000	93.1852
25000000	36000000	76.4358
25000000	37000000	90.1208
25000000	38000000	93.9916
25000000	39000000	90.8612
25000000	40000000	74.2119
25000000	41000000	95.4680
25000000	42000000	82.0848
25000000	43000000	79.5019
25000000	44000000	48.1953
25000000	45000000	38.3395
25000000	46000000	42.3423
25000000	47000000	59.8217
25000000	48000000	52.5172
25000000	49000000	53.7433
25000000	50000000	50.6574
25000000	51000000	44.5319
25000000	52000000	42.5765
25000000	53000000	41.6288
25000000	54000000	31.2617
25000000	55000000	28.8362
25000000	56000000	23.8109
25000000	57000000	29.6463
25000000	58000000	37.7999
25000000	59000000	35.0242
25000000	60000000	34.5883
26000000	1000000	70.4463
26000000	2000000	99.0041
26000000	3000000	60.6675
26000000	4000000	58.6635
26000000	5000000	50.8014
26000000	6000000	58.4677
26000000	7000000	37.9228
26000000	8000000	50.9109
26000000	9000000	55.0294
26000000	10000000	98.8142
26000000	11000000	88.4532
26000000	12000000	55.8423
26000000	13000000	43.3104
26000000	14000000	66.8561
26000000	15000000	94.1082
26000000	16000000	146.7696
26000000	17000000	90.8419
26000000	18000000	51.9898
26000000	19000000	42.7149
26000000	20000000	42.2744
26000000	21000000	61.0084
26000000	22000000	97.4609
26000000	23000000	80.0391
26000000	24000000	141.7404
26000000	25000000	780.5899
26000000	26000000	3112.2419
26000000	27000000	623.0671
26000000	28000000	155.7262
26000000	29000000	183.9082
26000000	30000000	143.9186
26000000	31000000	115.6616
26000000	32000000	78.6859
26000000	33000000	95.1622
26000000	34000000	109.6777
26000000	35000000	90.9942
26000000	36000000	66.2743
26000000	37000000	85.8423
26000000	38000000	90.7792
26000000	39000000	89.4877
26000000	40000000	82.7437
26000000	41000000	80.9033
26000000	42000000	99.7667
26000000	43000000	83.8500
26000000	44000000	57.7881
26000000	45000000	43.5427
26000000	46000000	33.3308
26000000	47000000	65.6427
26000000	48000000	52.3323
26000000	49000000	54.1458
26000000	50000000	52.6494
26000000	51000000	44.2480
26000000	52000000	35.5267
26000000	53000000	36.2593
26000000	54000000	31.9643
26000000	55000000	22.3697
26000000	56000000	23.8045
26000000	57000000	28.7182
26000000	58000000	47.4074
26000000	59000000	37.0345
26000000	60000000	39.9601
27000000	1000000	66.7119
27000000	2000000	84.4616
27000000	3000000	59.3352
27000000	4000000	58.7894
27000000	5000000	55.8186
27000000	6000000	65.9110
27000000	7000000	46.2967
27000000	8000000	64.0362
27000000	9000000	65.8919
27000000	10000000	86.5599
27000000	11000000	93.6126
27000000	12000000	56.2611
27000000	13000000	62.0362
27000000	14000000	74.4280
27000000	15000000	96.2133
27000000	16000000	119.5351
27000000	17000000	107.6130
27000000	18000000	72.7126
27000000	19000000	64.0100
27000000	20000000	78.7768
27000000	21000000	86.7962
27000000	22000000	109.6959
27000000	23000000	86.5400
27000000	24000000	140.3543
27000000	25000000	182.0426
27000000	26000000	623.0671
27000000	27000000	2783.7777
27000000	28000000	627.1506
27000000	29000000	225.7258
27000000	30000000	120.1889
27000000	31000000	124.3852
27000000	32000000	107.1671
27000000	33000000	109.2103
27000000	34000000	88.3740
27000000	35000000	84.7409
27000000	36000000	82.0787
27000000	37000000	81.7651
27000000	38000000	70.7798
27000000	39000000	71.4864
27000000	40000000	79.2939
27000000	41000000	80.4861
27000000	42000000	74.6144
27000000	43000000	64.9788
27000000	44000000	60.5886
27000000	45000000	53.7450
27000000	46000000	51.7843
27000000	47000000	52.1785
27000000	48000000	36.7046
27000000	49000000	49.3690
27000000	50000000	38.8380
27000000	51000000	40.9128
27000000	52000000	44.2750
27000000	53000000	36.5820
27000000	54000000	32.7126
27000000	55000000	27.6957
27000000	56000000	26.7601
27000000	57000000	21.1017
27000000	58000000	32.1508
27000000	59000000	28.4070
27000000	60000000	32.1598
28000000	1000000	50.8675
28000000	2000000	48.6397
28000000	3000000	53.9308
28000000	4000000	60.0638
28000000	5000000	55.0589
28000000	6000000	59.6501
28000000	7000000	50.1553
28000000	8000000	52.1772
28000000	9000000	61.4621
28000000	10000000	75.7478
28000000	11000000	66.6312
28000000	12000000	61.2177
28000000	13000000	52.5243
28000000	14000000	72.1668
28000000	15000000	74.4357
28000000	16000000	93.2195
28000000	17000000	91.9540
28000000	18000000	89.9090
28000000	19000000	77.6005
28000000	20000000	78.8767
28000000	21000000	91.9359
28000000	22000000	101.8370
28000000	23000000	90.2606
28000000	24000000	123.9441
28000000	25000000	111.8842
28000000	26000000	155.7262
28000000	27000000	627.1506
28000000	28000000	2164.8675
28000000	29000000	416.5830
28000000	30000000	90.4806
28000000	31000000	121.5248
28000000	32000000	133.4950
28000000	33000000	122.9318
28000000	34000000	68.0518
28000000	35000000	78.6028
28000000	36000000	79.5821
28000000	37000000	71.5049
28000000	38000000	46.6927
28000000	39000000	53.3921
28000000	40000000	82.5996
28000000	41000000	66.9472
28000000	42000000	49.7157
28000000	43000000	44.5491
28000000	44000000	51.7005
28000000	45000000	56.7286
28000000	46000000	54.8536
28000000	47000000	36.1778
28000000	48000000	28.7519
28000000	49000000	35.7795
28000000	50000000	36.0003
28000000	51000000	28.8159
28000000	52000000	33.0339
28000000	53000000	31.2247
28000000	54000000	31.9801
28000000	55000000	25.1883
28000000	56000000	26.1342
28000000	57000000	23.4233
28000000	58000000	23.9864
28000000	59000000	20.1757
28000000	60000000	22.3441
29000000	1000000	58.7586
29000000	2000000	80.8522
29000000	3000000	50.6996
29000000	4000000	41.4355
29000000	5000000	38.1282
29000000	6000000	41.7749
29000000	7000000	28.8859
29000000	8000000	39.4672
29000000	9000000	43.1531
29000000	10000000	63.3215
29000000	11000000	76.9311
29000000	12000000	41.1688
29000000	13000000	36.0774
29000000	14000000	48.2408
29000000	15000000	59.6920
29000000	16000000	108.5590
29000000	17000000	64.8398
29000000	18000000	40.3057
29000000	19000000	39.1676
29000000	20000000	42.2509
29000000	21000000	46.3061
29000000	22000000	66.8406
29000000	23000000	52.1935
29000000	24000000	81.6967
29000000	25000000	147.1429
29000000	26000000	183.9082
29000000	27000000	225.7258
29000000	28000000	416.5830
29000000	29000000	2513.2572
29000000	30000000	644.3471
29000000	31000000	163.8514
29000000	32000000	80.4433
29000000	33000000	84.7356
29000000	34000000	116.9156
29000000	35000000	78.1953
29000000	36000000	70.5183
29000000	37000000	99.0677
29000000	38000000	78.3595
29000000	39000000	91.1745
29000000	40000000	71.0922
29000000	41000000	81.3235
29000000	42000000	82.4348
29000000	43000000	81.6906
29000000	44000000	53.2270
29000000	45000000	30.7348
29000000	46000000	35.0347
29000000	47000000	51.8281
29000000	48000000	51.3974
29000000	49000000	53.9393
29000000	50000000	47.1557
29000000	51000000	40.0270
29000000	52000000	40.6506
29000000	53000000	35.5906
29000000	54000000	25.0725
29000000	55000000	25.7162
29000000	56000000	17.5542
29000000	57000000	31.4817
29000000	58000000	44.1036
29000000	59000000	33.7316
29000000	60000000	30.4689
30000000	1000000	60.4852
30000000	2000000	105.4585
30000000	3000000	51.3429
30000000	4000000	43.3090
30000000	5000000	31.1537
30000000	6000000	38.4794
30000000	7000000	25.3219
30000000	8000000	34.7127
30000000	9000000	42.5059
30000000	10000000	64.3995
30000000	11000000	85.7003
30000000	12000000	36.5531
30000000	13000000	36.1159
30000000	14000000	51.4556
30000000	15000000	66.4325
30000000	16000000	110.9147
30000000	17000000	65.3079
30000000	18000000	31.5550
30000000	19000000	32.4406
30000000	20000000	36.0573
30000000	21000000	49.7818
30000000	22000000	62.6955
30000000	23000000	37.5818
30000000	24000000	64.0451
30000000	25000000	131.9244
30000000	26000000	143.9186
30000000	27000000	120.1889
30000000	28000000	90.4806
30000000	29000000	644.3471
30000000	30000000	3483.9015
30000000	31000000	657.4696
30000000	32000000	97.7430
30000000	33000000	90.8203
30000000	34000000	166.1382
30000000	35000000	79.4252
30000000	36000000	61.4614
30000000	37000000	101.0555
30000000	38000000	106.9323
30000000	39000000	112.1507
30000000	40000000	62.9804
30000000	41000000	68.1892
30000000	42000000	92.5765
30000000	43000000	104.3028
30000000	44000000	56.3820
30000000	45000000	26.2201
30000000	46000000	39.7605
30000000	47000000	76.8387
30000000	48000000	69.4365
30000000	49000000	61.2526
30000000	50000000	71.9241
30000000	51000000	65.4796
30000000	52000000	38.2876
30000000	53000000	47.1661
30000000	54000000	26.9321
30000000	55000000	24.1327
30000000	56000000	24.3999
30000000	57000000	40.1998
30000000	58000000	51.7574
30000000	59000000	42.5571
30000000	60000000	43.3989
31000000	1000000	54.7841
31000000	2000000	66.4172
31000000	3000000	60.0883
31000000	4000000	57.9757
31000000	5000000	48.5339
31000000	6000000	52.4230
31000000	7000000	51.0437
31000000	8000000	63.5222
31000000	9000000	62.2964
31000000	10000000	77.4547
31000000	11000000	92.1895
31000000	12000000	53.7304
31000000	13000000	50.6442
31000000	14000000	76.5550
31000000	15000000	89.0967
31000000	16000000	111.9011
31000000	17000000	99.9593
31000000	18000000	70.4678
31000000	19000000	55.4385
31000000	20000000	67.8228
31000000	21000000	74.3188
31000000	22000000	105.3850
31000000	23000000	70.5271
31000000	24000000	102.3718
31000000	25000000	111.7864
31000000	26000000	115.6616
31000000	27000000	124.3852
31000000	28000000	121.5248
31000000	29000000	163.8514
31000000	30000000	657.4696
31000000	31000000	3099.3617
31000000	32000000	799.9767
31000000	33000000	256.4650
31000000	34000000	173.0262
31000000	35000000	104.7660
31000000	36000000	94.8432
31000000	37000000	98.7149
31000000	38000000	78.4022
31000000	39000000	87.9990
31000000	40000000	90.7605
31000000	41000000	88.5589
31000000	42000000	82.1494
31000000	43000000	81.8410
31000000	44000000	82.4807
31000000	45000000	65.4931
31000000	46000000	71.2823
31000000	47000000	68.6407
31000000	48000000	50.4881
31000000	49000000	51.7572
31000000	50000000	55.0148
31000000	51000000	44.9566
31000000	52000000	54.2196
31000000	53000000	58.8753
31000000	54000000	38.7355
31000000	55000000	39.7753
31000000	56000000	39.8630
31000000	57000000	31.6932
31000000	58000000	37.5523
31000000	59000000	31.2063
31000000	60000000	31.8678
32000000	1000000	45.5937
32000000	2000000	31.6767
32000000	3000000	43.2203
32000000	4000000	47.1063
32000000	5000000	52.2743
32000000	6000000	57.8328
32000000	7000000	43.3916
32000000	8000000	58.9332
32000000	9000000	54.0397
32000000	10000000	60.4419
32000000	11000000	59.4500
32000000	12000000	65.2416
32000000	13000000	64.0041
32000000	14000000	69.7506
32000000	15000000	68.2386
32000000	16000000	70.5974
32000000	17000000	83.2184
32000000	18000000	90.8594
32000000	19000000	86.3373
32000000	20000000	84.0646
32000000	21000000	99.9681
32000000	22000000	112.2283
32000000	23000000	99.2216
32000000	24000000	110.1833
32000000	25000000	75.0244
32000000	26000000	78.6859
32000000	27000000	107.1671
32000000	28000000	133.4950
32000000	29000000	80.4433
32000000	30000000	97.7430
32000000	31000000	799.9767
32000000	32000000	2132.1027
32000000	33000000	756.6557
32000000	34000000	107.2657
32000000	35000000	99.8016
32000000	36000000	117.5914
32000000	37000000	75.3538
32000000	38000000	54.9589
32000000	39000000	44.0748
32000000	40000000	97.9372
32000000	41000000	88.9065
32000000	42000000	64.5709
32000000	43000000	53.7553
32000000	44000000	70.4516
32000000	45000000	89.6511
32000000	46000000	99.8853
32000000	47000000	32.4897
32000000	48000000	24.1433
32000000	49000000	41.7218
32000000	50000000	26.0627
32000000	51000000	28.7291
32000000	52000000	50.3395
32000000	53000000	35.2141
32000000	54000000	43.8769
32000000	55000000	43.7436
32000000	56000000	39.9473
32000000	57000000	21.6442
32000000	58000000	22.1899
32000000	59000000	22.6707
32000000	60000000	23.0258
33000000	1000000	63.9562
33000000	2000000	44.6661
33000000	3000000	48.5496
33000000	4000000	53.0870
33000000	5000000	54.6319
33000000	6000000	59.0167
33000000	7000000	54.0250
33000000	8000000	61.9858
33000000	9000000	55.1356
33000000	10000000	68.6618
33000000	11000000	71.5733
33000000	12000000	57.8120
33000000	13000000	60.2555
33000000	14000000	77.1543
33000000	15000000	72.5122
33000000	16000000	93.3175
33000000	17000000	98.1040
33000000	18000000	88.5018
33000000	19000000	85.4623
33000000	20000000	78.0859
33000000	21000000	95.1174
33000000	22000000	108.2636
33000000	23000000	92.1035
33000000	24000000	128.5413
33000000	25000000	88.6059
33000000	26000000	95.1622
33000000	27000000	109.2103
33000000	28000000	122.9318
33000000	29000000	84.7356
33000000	30000000	90.8203
33000000	31000000	256.4650
33000000	32000000	756.6557
33000000	33000000	2292.3127
33000000	34000000	498.9580
33000000	35000000	139.2057
33000000	36000000	135.9990
33000000	37000000	91.5181
33000000	38000000	61.4487
33000000	39000000	66.7432
33000000	40000000	108.1197
33000000	41000000	96.9280
33000000	42000000	79.7702
33000000	43000000	64.2323
33000000	44000000	77.7064
33000000	45000000	88.3290
33000000	46000000	85.4892
33000000	47000000	48.4174
33000000	48000000	25.7842
33000000	49000000	42.8663
33000000	50000000	30.3340
33000000	51000000	32.7488
33000000	52000000	62.0028
33000000	53000000	42.9046
33000000	54000000	59.1569
33000000	55000000	50.2111
33000000	56000000	46.6372
33000000	57000000	26.3759
33000000	58000000	23.2759
33000000	59000000	26.4854
33000000	60000000	30.2434
34000000	1000000	46.9650
34000000	2000000	64.1463
34000000	3000000	45.2698
34000000	4000000	38.8322
34000000	5000000	28.6822
34000000	6000000	30.3837
34000000	7000000	25.1205
34000000	8000000	33.8603
34000000	9000000	30.6200
34000000	10000000	51.7383
34000000	11000000	63.8920
34000000	12000000	27.7474
34000000	13000000	27.3521
34000000	14000000	44.0030
34000000	15000000	56.5730
34000000	16000000	92.0248
34000000	17000000	64.5709
34000000	18000000	33.1872
34000000	19000000	32.3511
34000000	20000000	36.3265
34000000	21000000	39.7500
34000000	22000000	61.4235
34000000	23000000	37.3083
34000000	24000000	71.7966
34000000	25000000	128.5932
34000000	26000000	109.6777
34000000	27000000	88.3740
34000000	28000000	68.0518
34000000	29000000	116.9156
34000000	30000000	166.1382
34000000	31000000	173.0262
34000000	32000000	107.2657
34000000	33000000	498.9580
34000000	34000000	3220.9006
34000000	35000000	454.1890
34000000	36000000	118.3643
34000000	37000000	179.0934
34000000	38000000	125.4491
34000000	39000000	136.0002
34000000	40000000	76.2947
34000000	41000000	95.6602
34000000	42000000	93.1721
34000000	43000000	115.1118
34000000	44000000	67.8637
34000000	45000000	33.8059
34000000	46000000	42.4814
34000000	47000000	86.0180
34000000	48000000	85.9901
34000000	49000000	68.2411
34000000	50000000	85.5746
34000000	51000000	82.8050
34000000	52000000	43.2218
34000000	53000000	53.8034
34000000	54000000	30.9053
34000000	55000000	23.5430
34000000	56000000	29.0230
34000000	57000000	58.6570
34000000	58000000	52.6415
34000000	59000000	40.4837
34000000	60000000	50.5435
35000000	1000000	46.7068
35000000	2000000	40.8540
35000000	3000000	46.7277
35000000	4000000	45.1614
35000000	5000000	39.1585
35000000	6000000	41.0501
35000000	7000000	35.4580
35000000	8000000	42.2391
35000000	9000000	38.9134
35000000	10000000	57.3702
35000000	11000000	54.9088
35000000	12000000	43.2870
35000000	13000000	37.0052
35000000	14000000	48.5184
35000000	15000000	61.4537
35000000	16000000	72.2460
35000000	17000000	66.3844
35000000	18000000	49.7179
35000000	19000000	38.5082
35000000	20000000	45.6074
35000000	21000000	52.6410
35000000	22000000	70.6342
35000000	23000000	55.7020
35000000	24000000	77.6865
35000000	25000000	93.1852
35000000	26000000	90.9942
35000000	27000000	84.7409
35000000	28000000	78.6028
35000000	29000000	78.1953
35000000	30000000	79.4252
35000000	31000000	104.7660
35000000	32000000	99.8016
35000000	33000000	139.2057
35000000	34000000	454.1890
35000000	35000000	2481.4000
35000000	36000000	551.3753
35000000	37000000	246.9626
35000000	38000000	105.2249
35000000	39000000	100.1474
35000000	40000000	103.7827
35000000	41000000	106.3351
35000000	42000000	80.0587
35000000	43000000	89.4218
35000000	44000000	71.8368
35000000	45000000	67.3246
35000000	46000000	75.8755
35000000	47000000	72.3071
35000000	48000000	48.8562
35000000	49000000	55.8359
35000000	50000000	54.5591
35000000	51000000	55.2825
35000000	52000000	52.5194
35000000	53000000	51.3569
35000000	54000000	46.9017
35000000	55000000	35.0556
35000000	56000000	42.9487
35000000	57000000	39.7843
35000000	58000000	44.6775
35000000	59000000	31.3911
35000000	60000000	37.8238
36000000	1000000	44.0167
36000000	2000000	40.0781
36000000	3000000	44.0803
36000000	4000000	44.0755
36000000	5000000	44.6897
36000000	6000000	49.9385
36000000	7000000	38.1819
36000000	8000000	46.5756
36000000	9000000	46.1624
36000000	10000000	61.4462
36000000	11000000	52.5666
36000000	12000000	44.7350
36000000	13000000	46.4144
36000000	14000000	62.3960
36000000	15000000	66.6804
36000000	16000000	65.2777
36000000	17000000	74.3924
36000000	18000000	59.9610
36000000	19000000	59.8920
36000000	20000000	63.2899
36000000	21000000	77.0082
36000000	22000000	75.6172
36000000	23000000	68.9787
36000000	24000000	91.2519
36000000	25000000	76.4358
36000000	26000000	66.2743
36000000	27000000	82.0787
36000000	28000000	79.5821
36000000	29000000	70.5183
36000000	30000000	61.4614
36000000	31000000	94.8432
36000000	32000000	117.5914
36000000	33000000	135.9990
36000000	34000000	118.3643
36000000	35000000	551.3753
36000000	36000000	2768.5496
36000000	37000000	792.4946
36000000	38000000	99.8081
36000000	39000000	85.5296
36000000	40000000	112.0077
36000000	41000000	100.7936
36000000	42000000	76.2706
36000000	43000000	64.2734
36000000	44000000	84.9317
36000000	45000000	113.2403
36000000	46000000	121.2602
36000000	47000000	58.6505
36000000	48000000	34.9867
36000000	49000000	51.9247
36000000	50000000	50.4297
36000000	51000000	44.2948
36000000	52000000	71.5867
36000000	53000000	51.6768
36000000	54000000	64.7187
36000000	55000000	49.6847
36000000	56000000	43.7116
36000000	57000000	36.7490
36000000	58000000	29.4553
36000000	59000000	27.9800
36000000	60000000	40.1585
37000000	1000000	52.5799
37000000	2000000	60.9536
37000000	3000000	46.2194
37000000	4000000	43.6921
37000000	5000000	42.2496
37000000	6000000	45.2255
37000000	7000000	30.4693
37000000	8000000	40.9877
37000000	9000000	43.3080
37000000	10000000	56.4112
37000000	11000000	70.9612
37000000	12000000	36.4827
37000000	13000000	36.6279
37000000	14000000	57.5082
37000000	15000000	61.1799
37000000	16000000	76.7668
37000000	17000000	55.8808
37000000	18000000	44.4450
37000000	19000000	42.0762
37000000	20000000	52.7124
37000000	21000000	59.0687
37000000	22000000	74.4678
37000000	23000000	55.8093
37000000	24000000	72.8472
37000000	25000000	90.1208
37000000	26000000	85.8423
37000000	27000000	81.7651
37000000	28000000	71.5049
37000000	29000000	99.0677
37000000	30000000	101.0555
37000000	31000000	98.7149
37000000	32000000	75.3538
37000000	33000000	91.5181
37000000	34000000	179.0934
37000000	35000000	246.9626
37000000	36000000	792.4946
37000000	37000000	3254.9767
37000000	38000000	592.6511
37000000	39000000	205.5695
37000000	40000000	114.8143
37000000	41000000	120.3168
37000000	42000000	120.5626
37000000	43000000	120.2246
37000000	44000000	87.4287
37000000	45000000	76.5305
37000000	46000000	80.6239
37000000	47000000	99.2648
37000000	48000000	73.8827
37000000	49000000	71.7745
37000000	50000000	80.1342
37000000	51000000	77.8399
37000000	52000000	70.7104
37000000	53000000	72.7508
37000000	54000000	46.6027
37000000	55000000	42.0066
37000000	56000000	39.7698
37000000	57000000	54.1929
37000000	58000000	52.2897
37000000	59000000	48.2285
37000000	60000000	49.1678
38000000	1000000	47.4665
38000000	2000000	66.6617
38000000	3000000	41.6648
38000000	4000000	35.8283
38000000	5000000	36.5476
38000000	6000000	35.2132
38000000	7000000	29.0216
38000000	8000000	35.0829
38000000	9000000	38.3674
38000000	10000000	55.1029
38000000	11000000	56.2548
38000000	12000000	28.7453
38000000	13000000	33.3694
38000000	14000000	44.1758
38000000	15000000	47.3586
38000000	16000000	75.4487
38000000	17000000	46.6622
38000000	18000000	34.6787
38000000	19000000	30.7718
38000000	20000000	31.0865
38000000	21000000	36.2506
38000000	22000000	48.9940
38000000	23000000	32.0937
38000000	24000000	48.7925
38000000	25000000	93.9916
38000000	26000000	90.7792
38000000	27000000	70.7798
38000000	28000000	46.6927
38000000	29000000	78.3595
38000000	30000000	106.9323
38000000	31000000	78.4022
38000000	32000000	54.9589
38000000	33000000	61.4487
38000000	34000000	125.4491
38000000	35000000	105.2249
38000000	36000000	99.8081
38000000	37000000	592.6511
38000000	38000000	3389.3630
38000000	39000000	527.4909
38000000	40000000	119.3597
38000000	41000000	116.7730
38000000	42000000	119.9091
38000000	43000000	135.6392
38000000	44000000	72.0616
38000000	45000000	44.6132
38000000	46000000	47.7530
38000000	47000000	107.7323
38000000	48000000	87.9569
38000000	49000000	82.7229
38000000	50000000	96.7806
38000000	51000000	86.3280
38000000	52000000	57.1360
38000000	53000000	59.1204
38000000	54000000	37.7611
38000000	55000000	33.3335
38000000	56000000	34.1303
38000000	57000000	59.1988
38000000	58000000	66.1960
38000000	59000000	62.4160
38000000	60000000	55.2162
39000000	1000000	53.3020
39000000	2000000	70.6507
39000000	3000000	42.1012
39000000	4000000	33.2768
39000000	5000000	31.1260
39000000	6000000	35.4363
39000000	7000000	32.3919
39000000	8000000	35.6007
39000000	9000000	35.8843
39000000	10000000	49.0994
39000000	11000000	59.2527
39000000	12000000	27.6296
39000000	13000000	30.4323
39000000	14000000	46.5981
39000000	15000000	51.7057
39000000	16000000	73.8106
39000000	17000000	49.2315
39000000	18000000	29.5264
39000000	19000000	30.6724
39000000	20000000	25.6863
39000000	21000000	32.3280
39000000	22000000	53.6226
39000000	23000000	35.4560
39000000	24000000	47.9801
39000000	25000000	90.8612
39000000	26000000	89.4877
39000000	27000000	71.4864
39000000	28000000	53.3921
39000000	29000000	91.1745
39000000	30000000	112.1507
39000000	31000000	87.9990
39000000	32000000	44.0748
39000000	33000000	66.7432
39000000	34000000	136.0002
39000000	35000000	100.1474
39000000	36000000	85.5296
39000000	37000000	205.5695
39000000	38000000	527.4909
39000000	39000000	4028.3419
39000000	40000000	455.0047
39000000	41000000	203.3281
39000000	42000000	168.4810
39000000	43000000	151.4658
39000000	44000000	71.4029
39000000	45000000	41.1289
39000000	46000000	41.7355
39000000	47000000	112.8180
39000000	48000000	96.1107
39000000	49000000	88.0397
39000000	50000000	110.1659
39000000	51000000	87.6708
39000000	52000000	55.5830
39000000	53000000	79.3404
39000000	54000000	40.2767
39000000	55000000	31.6505
39000000	56000000	39.7964
39000000	57000000	65.9755
39000000	58000000	88.0173
39000000	59000000	61.8543
39000000	60000000	59.8498
40000000	1000000	45.5367
40000000	2000000	37.8474
40000000	3000000	34.5495
40000000	4000000	37.9241
40000000	5000000	34.8766
40000000	6000000	43.5530
40000000	7000000	31.3181
40000000	8000000	36.0365
40000000	9000000	37.7537
40000000	10000000	49.6104
40000000	11000000	53.1345
40000000	12000000	44.4725
40000000	13000000	30.3079
40000000	14000000	49.5428
40000000	15000000	53.0684
40000000	16000000	64.5785
40000000	17000000	52.1171
40000000	18000000	52.2111
40000000	19000000	39.9018
40000000	20000000	49.6208
40000000	21000000	46.9356
40000000	22000000	68.1225
40000000	23000000	50.8766
40000000	24000000	66.1189
40000000	25000000	74.2119
40000000	26000000	82.7437
40000000	27000000	79.2939
40000000	28000000	82.5996
40000000	29000000	71.0922
40000000	30000000	62.9804
40000000	31000000	90.7605
40000000	32000000	97.9372
40000000	33000000	108.1197
40000000	34000000	76.2947
40000000	35000000	103.7827
40000000	36000000	112.0077
40000000	37000000	114.8143
40000000	38000000	119.3597
40000000	39000000	455.0047
40000000	40000000	2579.3642
40000000	41000000	691.8508
40000000	42000000	193.5816
40000000	43000000	126.1914
40000000	44000000	97.4260
40000000	45000000	95.3045
40000000	46000000	107.3537
40000000	47000000	66.5507
40000000	48000000	50.4291
40000000	49000000	70.8211
40000000	50000000	61.0764
40000000	51000000	58.1330
40000000	52000000	73.3920
40000000	53000000	67.4450
40000000	54000000	66.7007
40000000	55000000	56.9570
40000000	56000000	58.3908
40000000	57000000	41.4275
40000000	58000000	42.5353
40000000	59000000	40.1482
40000000	60000000	41.2874
41000000	1000000	51.7162
41000000	2000000	45.4278
41000000	3000000	28.5344
41000000	4000000	34.3364
41000000	5000000	30.8082
41000000	6000000	40.6745
41000000	7000000	27.0248
41000000	8000000	40.7293
41000000	9000000	39.0666
41000000	10000000	49.1430
41000000	11000000	52.5106
41000000	12000000	36.2686
41000000	13000000	39.5157
41000000	14000000	51.1897
41000000	15000000	58.2052
41000000	16000000	69.1948
41000000	17000000	58.6183
41000000	18000000	43.5343
41000000	19000000	33.7900
41000000	20000000	47.0785
41000000	21000000	43.2451
41000000	22000000	64.7858
41000000	23000000	45.6069
41000000	24000000	64.5256
41000000	25000000	95.4680
41000000	26000000	80.9033
41000000	27000000	80.4861
41000000	28000000	66.9472
41000000	29000000	81.3235
41000000	30000000	68.1892
41000000	31000000	88.5589
41000000	32000000	88.9065
41000000	33000000	96.9280
41000000	34000000	95.6602
41000000	35000000	106.3351
41000000	36000000	100.7936
41000000	37000000	120.3168
41000000	38000000	116.7730
41000000	39000000	203.3281
41000000	40000000	691.8508
41000000	41000000	2972.4201
41000000	42000000	619.5827
41000000	43000000	200.9876
41000000	44000000	126.1962
41000000	45000000	94.8040
41000000	46000000	95.3596
41000000	47000000	84.6770
41000000	48000000	57.0907
41000000	49000000	86.2218
41000000	50000000	76.0894
41000000	51000000	67.8330
41000000	52000000	86.4636
41000000	53000000	81.6448
41000000	54000000	71.4309
41000000	55000000	54.7636
41000000	56000000	60.1425
41000000	57000000	54.3603
41000000	58000000	47.6387
41000000	59000000	43.2194
41000000	60000000	48.5746
42000000	1000000	57.8389
42000000	2000000	47.2721
42000000	3000000	39.9450
42000000	4000000	35.6533
42000000	5000000	36.3137
42000000	6000000	33.4826
42000000	7000000	33.3241
42000000	8000000	42.4262
42000000	9000000	29.7935
42000000	10000000	53.0797
42000000	11000000	53.9304
42000000	12000000	35.9171
42000000	13000000	35.4128
42000000	14000000	50.6322
42000000	15000000	47.6950
42000000	16000000	63.9931
42000000	17000000	51.4549
42000000	18000000	36.7987
42000000	19000000	38.1451
42000000	20000000	35.6687
42000000	21000000	41.1501
42000000	22000000	50.0157
42000000	23000000	43.3023
42000000	24000000	54.7579
42000000	25000000	82.0848
42000000	26000000	99.7667
42000000	27000000	74.6144
42000000	28000000	49.7157
42000000	29000000	82.4348
42000000	30000000	92.5765
42000000	31000000	82.1494
42000000	32000000	64.5709
42000000	33000000	79.7702
42000000	34000000	93.1721
42000000	35000000	80.0587
42000000	36000000	76.2706
42000000	37000000	120.5626
42000000	38000000	119.9091
42000000	39000000	168.4810
42000000	40000000	193.5816
42000000	41000000	619.5827
42000000	42000000	3303.8504
42000000	43000000	747.9277
42000000	44000000	124.8309
42000000	45000000	84.9541
42000000	46000000	83.8246
42000000	47000000	114.2428
42000000	48000000	82.0233
42000000	49000000	86.1398
42000000	50000000	82.2709
42000000	51000000	90.4429
42000000	52000000	83.0683
42000000	53000000	82.5928
42000000	54000000	55.7974
42000000	55000000	42.0385
42000000	56000000	54.3838
42000000	57000000	61.3224
42000000	58000000	62.2110
42000000	59000000	62.7543
42000000	60000000	50.6697
43000000	1000000	46.8417
43000000	2000000	44.0026
43000000	3000000	38.6924
43000000	4000000	34.5132
43000000	5000000	29.3508
43000000	6000000	37.1112
43000000	7000000	32.2547
43000000	8000000	35.5262
43000000	9000000	35.0415
43000000	10000000	47.5093
43000000	11000000	49.4333
43000000	12000000	33.1134
43000000	13000000	27.0636
43000000	14000000	48.7275
43000000	15000000	47.6627
43000000	16000000	68.7615
43000000	17000000	38.8034
43000000	18000000	28.1418
43000000	19000000	27.7305
43000000	20000000	31.7770
43000000	21000000	31.3883
43000000	22000000	49.4119
43000000	23000000	30.9663
43000000	24000000	53.7094
43000000	25000000	79.5019
43000000	26000000	83.8500
43000000	27000000	64.9788
43000000	28000000	44.5491
43000000	29000000	81.6906
43000000	30000000	104.3028
43000000	31000000	81.8410
43000000	32000000	53.7553
43000000	33000000	64.2323
43000000	34000000	115.1118
43000000	35000000	89.4218
43000000	36000000	64.2734
43000000	37000000	120.2246
43000000	38000000	135.6392
43000000	39000000	151.4658
43000000	40000000	126.1914
43000000	41000000	200.9876
43000000	42000000	747.9277
43000000	43000000	3357.1376
43000000	44000000	580.0980
43000000	45000000	86.8903
43000000	46000000	78.0859
43000000	47000000	177.0503
43000000	48000000	102.6294
43000000	49000000	108.8808
43000000	50000000	169.7553
43000000	51000000	129.0828
43000000	52000000	94.9201
43000000	53000000	119.8176
43000000	54000000	54.6184
43000000	55000000	41.5642
43000000	56000000	49.3039
43000000	57000000	89.4733
43000000	58000000	75.3293
43000000	59000000	61.8286
43000000	60000000	62.7312
44000000	1000000	37.5654
44000000	2000000	31.1585
44000000	3000000	29.3398
44000000	4000000	33.5516
44000000	5000000	25.5031
44000000	6000000	27.8167
44000000	7000000	23.9178
44000000	8000000	30.7856
44000000	9000000	33.6408
44000000	10000000	39.9270
44000000	11000000	44.6685
44000000	12000000	26.3741
44000000	13000000	26.2532
44000000	14000000	37.1836
44000000	15000000	47.2221
44000000	16000000	54.3313
44000000	17000000	41.1553
44000000	18000000	38.1998
44000000	19000000	31.9333
44000000	20000000	36.8433
44000000	21000000	38.7937
44000000	22000000	51.9069
44000000	23000000	38.1762
44000000	24000000	51.9418
44000000	25000000	48.1953
44000000	26000000	57.7881
44000000	27000000	60.5886
44000000	28000000	51.7005
44000000	29000000	53.2270
44000000	30000000	56.3820
44000000	31000000	82.4807
44000000	32000000	70.4516
44000000	33000000	77.7064
44000000	34000000	67.8637
44000000	35000000	71.8368
44000000	36000000	84.9317
44000000	37000000	87.4287
44000000	38000000	72.0616
44000000	39000000	71.4029
44000000	40000000	97.4260
44000000	41000000	126.1962
44000000	42000000	124.8309
44000000	43000000	580.0980
44000000	44000000	2604.1946
44000000	45000000	509.2785
44000000	46000000	253.2172
44000000	47000000	155.5490
44000000	48000000	54.9857
44000000	49000000	78.8671
44000000	50000000	71.7660
44000000	51000000	82.3839
44000000	52000000	114.1297
44000000	53000000	126.3284
44000000	54000000	105.1370
44000000	55000000	76.5425
44000000	56000000	96.5292
44000000	57000000	70.7695
44000000	58000000	44.3905
44000000	59000000	33.4539
44000000	60000000	36.5083
45000000	1000000	40.3520
45000000	2000000	22.6997
45000000	3000000	27.5952
45000000	4000000	32.9696
45000000	5000000	33.8435
45000000	6000000	36.5920
45000000	7000000	31.8884
45000000	8000000	33.8754
45000000	9000000	39.3063
45000000	10000000	35.2570
45000000	11000000	35.4232
45000000	12000000	35.1939
45000000	13000000	37.7332
45000000	14000000	45.8399
45000000	15000000	47.5371
45000000	16000000	32.4588
45000000	17000000	47.8166
45000000	18000000	48.1310
45000000	19000000	41.8075
45000000	20000000	54.4502
45000000	21000000	48.8964
45000000	22000000	62.3727
45000000	23000000	55.3221
45000000	24000000	52.9559
45000000	25000000	38.3395
45000000	26000000	43.5427
45000000	27000000	53.7450
45000000	28000000	56.7286
45000000	29000000	30.7348
45000000	30000000	26.2201
45000000	31000000	65.4931
45000000	32000000	89.6511
45000000	33000000	88.3290
45000000	34000000	33.8059
45000000	35000000	67.3246
45000000	36000000	113.2403
45000000	37000000	76.5305
45000000	38000000	44.6132
45000000	39000000	41.1289
45000000	40000000	95.3045
45000000	41000000	94.8040
45000000	42000000	84.9541
45000000	43000000	86.8903
45000000	44000000	509.2785
45000000	45000000	2498.7542
45000000	46000000	869.3066
45000000	47000000	81.7192
45000000	48000000	36.9932
45000000	49000000	65.6423
45000000	50000000	37.8360
45000000	51000000	49.1510
45000000	52000000	165.3370
45000000	53000000	85.0835
45000000	54000000	153.8002
45000000	55000000	149.7785
45000000	56000000	106.9607
45000000	57000000	33.1288
45000000	58000000	21.5968
45000000	59000000	20.5070
45000000	60000000	32.9374
46000000	1000000	37.4178
46000000	2000000	23.6547
46000000	3000000	24.8207
46000000	4000000	33.4850
46000000	5000000	35.9582
46000000	6000000	35.1149
46000000	7000000	27.4067
46000000	8000000	38.9481
46000000	9000000	35.2412
46000000	10000000	36.4799
46000000	11000000	37.1401
46000000	12000000	31.3639
46000000	13000000	33.0971
46000000	14000000	50.9696
46000000	15000000	39.8206
46000000	16000000	37.3099
46000000	17000000	41.3880
46000000	18000000	47.8744
46000000	19000000	42.4402
46000000	20000000	44.7284
46000000	21000000	55.4361
46000000	22000000	53.7356
46000000	23000000	56.5465
46000000	24000000	55.9194
46000000	25000000	42.3423
46000000	26000000	33.3308
46000000	27000000	51.7843
46000000	28000000	54.8536
46000000	29000000	35.0347
46000000	30000000	39.7605
46000000	31000000	71.2823
46000000	32000000	99.8853
46000000	33000000	85.4892
46000000	34000000	42.4814
46000000	35000000	75.8755
46000000	36000000	121.2602
46000000	37000000	80.6239
46000000	38000000	47.7530
46000000	39000000	41.7355
46000000	40000000	107.3537
46000000	41000000	95.3596
46000000	42000000	83.8246
46000000	43000000	78.0859
46000000	44000000	253.2172
46000000	45000000	869.3066
46000000	46000000	2383.7797
46000000	47000000	339.4846
46000000	48000000	45.8180
46000000	49000000	85.6578
46000000	50000000	51.0981
46000000	51000000	56.2013
46000000	52000000	168.8204
46000000	53000000	115.0490
46000000	54000000	168.4461
46000000	55000000	153.1870
46000000	56000000	118.8611
46000000	57000000	40.7720
46000000	58000000	26.7279
46000000	59000000	25.8892
46000000	60000000	42.2567
47000000	1000000	32.4562
47000000	2000000	34.8072
47000000	3000000	24.0261
47000000	4000000	25.4669
47000000	5000000	22.5193
47000000	6000000	24.1021
47000000	7000000	22.1194
47000000	8000000	23.4106
47000000	9000000	21.2316
47000000	10000000	37.5130
47000000	11000000	39.6009
47000000	12000000	28.9705
47000000	13000000	24.0317
47000000	14000000	32.2773
47000000	15000000	36.3628
47000000	16000000	42.4660
47000000	17000000	32.0961
47000000	18000000	22.2114
47000000	19000000	19.9368
47000000	20000000	23.3200
47000000	21000000	31.1245
47000000	22000000	40.1087
47000000	23000000	21.5247
47000000	24000000	36.3864
47000000	25000000	59.8217
47000000	26000000	65.6427
47000000	27000000	52.1785
47000000	28000000	36.1778
47000000	29000000	51.8281
47000000	30000000	76.8387
47000000	31000000	68.6407
47000000	32000000	32.4897
47000000	33000000	48.4174
47000000	34000000	86.0180
47000000	35000000	72.3071
47000000	36000000	58.6505
47000000	37000000	99.2648
47000000	38000000	107.7323
47000000	39000000	112.8180
47000000	40000000	66.5507
47000000	41000000	84.6770
47000000	42000000	114.2428
47000000	43000000	177.0503
47000000	44000000	155.5490
47000000	45000000	81.7192
47000000	46000000	339.4846
47000000	47000000	3010.2862
47000000	48000000	567.9627
47000000	49000000	155.4733
47000000	50000000	164.7490
47000000	51000000	150.7145
47000000	52000000	101.9970
47000000	53000000	151.7455
47000000	54000000	60.1773
47000000	55000000	35.4485
47000000	56000000	61.8836
47000000	57000000	108.6752
47000000	58000000	86.5015
47000000	59000000	69.9065
47000000	60000000	64.7204
48000000	1000000	34.3000
48000000	2000000	45.3053
48000000	3000000	26.9796
48000000	4000000	21.9081
48000000	5000000	18.8811
48000000	6000000	19.3370
48000000	7000000	18.8241
48000000	8000000	20.1725
48000000	9000000	19.9732
48000000	10000000	30.0767
48000000	11000000	33.6058
48000000	12000000	21.0138
48000000	13000000	20.5003
48000000	14000000	26.2275
48000000	15000000	28.2214
48000000	16000000	34.9717
48000000	17000000	24.2327
48000000	18000000	21.4892
48000000	19000000	18.3133
48000000	20000000	16.8141
48000000	21000000	24.8247
48000000	22000000	27.6490
48000000	23000000	18.6761
48000000	24000000	28.7755
48000000	25000000	52.5172
48000000	26000000	52.3323
48000000	27000000	36.7046
48000000	28000000	28.7519
48000000	29000000	51.3974
48000000	30000000	69.4365
48000000	31000000	50.4881
48000000	32000000	24.1433
48000000	33000000	25.7842
48000000	34000000	85.9901
48000000	35000000	48.8562
48000000	36000000	34.9867
48000000	37000000	73.8827
48000000	38000000	87.9569
48000000	39000000	96.1107
48000000	40000000	50.4291
48000000	41000000	57.0907
48000000	42000000	82.0233
48000000	43000000	102.6294
48000000	44000000	54.9857
48000000	45000000	36.9932
48000000	46000000	45.8180
48000000	47000000	567.9627
48000000	48000000	3424.1736
48000000	49000000	454.0093
48000000	50000000	218.8723
48000000	51000000	126.7623
48000000	52000000	54.3461
48000000	53000000	73.3585
48000000	54000000	36.9554
48000000	55000000	28.1905
48000000	56000000	29.4207
48000000	57000000	86.6717
48000000	58000000	125.8199
48000000	59000000	93.9015
48000000	60000000	70.7667
49000000	1000000	38.4398
49000000	2000000	32.4794
49000000	3000000	25.8980
49000000	4000000	29.8084
49000000	5000000	24.7223
49000000	6000000	26.5186
49000000	7000000	19.2950
49000000	8000000	30.9873
49000000	9000000	28.6262
49000000	10000000	38.9689
49000000	11000000	32.5914
49000000	12000000	28.0388
49000000	13000000	22.1909
49000000	14000000	35.1757
49000000	15000000	41.7695
49000000	16000000	44.8897
49000000	17000000	32.2306
49000000	18000000	29.0596
49000000	19000000	23.7078
49000000	20000000	25.8090
49000000	21000000	28.5186
49000000	22000000	35.2073
49000000	23000000	32.6587
49000000	24000000	35.3351
49000000	25000000	53.7433
49000000	26000000	54.1458
49000000	27000000	49.3690
49000000	28000000	35.7795
49000000	29000000	53.9393
49000000	30000000	61.2526
49000000	31000000	51.7572
49000000	32000000	41.7218
49000000	33000000	42.8663
49000000	34000000	68.2411
49000000	35000000	55.8359
49000000	36000000	51.9247
49000000	37000000	71.7745
49000000	38000000	82.7229
49000000	39000000	88.0397
49000000	40000000	70.8211
49000000	41000000	86.2218
49000000	42000000	86.1398
49000000	43000000	108.8808
49000000	44000000	78.8671
49000000	45000000	65.6423
49000000	46000000	85.6578
49000000	47000000	155.4733
49000000	48000000	454.0093
49000000	49000000	3168.2560
49000000	50000000	664.8758
49000000	51000000	130.5396
49000000	52000000	122.9202
49000000	53000000	100.9213
49000000	54000000	73.6100
49000000	55000000	60.2751
49000000	56000000	70.3333
49000000	57000000	82.3735
49000000	58000000	88.8018
49000000	59000000	82.5227
49000000	60000000	68.9269
50000000	1000000	31.8596
50000000	2000000	40.9131
50000000	3000000	26.4812
50000000	4000000	20.1038
50000000	5000000	19.3168
50000000	6000000	25.1151
50000000	7000000	22.4432
50000000	8000000	24.8104
50000000	9000000	23.7244
50000000	10000000	34.3949
50000000	11000000	32.9436
50000000	12000000	17.8207
50000000	13000000	19.7499
50000000	14000000	30.0508
50000000	15000000	26.8051
50000000	16000000	39.0326
50000000	17000000	26.9202
50000000	18000000	20.9445
50000000	19000000	16.9338
50000000	20000000	20.6461
50000000	21000000	22.0764
50000000	22000000	33.1670
50000000	23000000	19.0185
50000000	24000000	36.7581
50000000	25000000	50.6574
50000000	26000000	52.6494
50000000	27000000	38.8380
50000000	28000000	36.0003
50000000	29000000	47.1557
50000000	30000000	71.9241
50000000	31000000	55.0148
50000000	32000000	26.0627
50000000	33000000	30.3340
50000000	34000000	85.5746
50000000	35000000	54.5591
50000000	36000000	50.4297
50000000	37000000	80.1342
50000000	38000000	96.7806
50000000	39000000	110.1659
50000000	40000000	61.0764
50000000	41000000	76.0894
50000000	42000000	82.2709
50000000	43000000	169.7553
50000000	44000000	71.7660
50000000	45000000	37.8360
50000000	46000000	51.0981
50000000	47000000	164.7490
50000000	48000000	218.8723
50000000	49000000	664.8758
50000000	50000000	3664.2872
50000000	51000000	454.8298
50000000	52000000	99.2146
50000000	53000000	142.4387
50000000	54000000	47.4948
50000000	55000000	36.7638
50000000	56000000	44.3295
50000000	57000000	100.3453
50000000	58000000	110.3969
50000000	59000000	84.0787
50000000	60000000	89.5992
51000000	1000000	42.1604
51000000	2000000	37.9577
51000000	3000000	24.5863
51000000	4000000	23.3513
51000000	5000000	23.2211
51000000	6000000	24.5280
51000000	7000000	23.2958
51000000	8000000	26.5742
51000000	9000000	24.2033
51000000	10000000	25.9562
51000000	11000000	26.1329
51000000	12000000	27.4087
51000000	13000000	22.1842
51000000	14000000	26.4626
51000000	15000000	29.5538
51000000	16000000	32.8733
51000000	17000000	28.8755
51000000	18000000	20.0747
51000000	19000000	18.3292
51000000	20000000	23.0811
51000000	21000000	17.2467
51000000	22000000	32.2285
51000000	23000000	22.6017
51000000	24000000	34.6331
51000000	25000000	44.5319
51000000	26000000	44.2480
51000000	27000000	40.9128
51000000	28000000	28.8159
51000000	29000000	40.0270
51000000	30000000	65.4796
51000000	31000000	44.9566
51000000	32000000	28.7291
51000000	33000000	32.7488
51000000	34000000	82.8050
51000000	35000000	55.2825
51000000	36000000	44.2948
51000000	37000000	77.8399
51000000	38000000	86.3280
51000000	39000000	87.6708
51000000	40000000	58.1330
51000000	41000000	67.8330
51000000	42000000	90.4429
51000000	43000000	129.0828
51000000	44000000	82.3839
51000000	45000000	49.1510
51000000	46000000	56.2013
51000000	47000000	150.7145
51000000	48000000	126.7623
51000000	49000000	130.5396
51000000	50000000	454.8298
51000000	51000000	3133.0312
51000000	52000000	538.2556
51000000	53000000	225.6186
51000000	54000000	73.0228
51000000	55000000	45.3625
51000000	56000000	69.2188
51000000	57000000	132.2437
51000000	58000000	104.9698
51000000	59000000	88.3799
51000000	60000000	84.6310
52000000	1000000	43.1368
52000000	2000000	27.4352
52000000	3000000	28.4473
52000000	4000000	30.0311
52000000	5000000	29.1230
52000000	6000000	35.1514
52000000	7000000	26.0139
52000000	8000000	31.8511
52000000	9000000	28.6917
52000000	10000000	35.3958
52000000	11000000	34.1293
52000000	12000000	31.8498
52000000	13000000	29.5266
52000000	14000000	36.5759
52000000	15000000	34.5602
52000000	16000000	39.0666
52000000	17000000	30.6664
52000000	18000000	25.7945
52000000	19000000	27.8491
52000000	20000000	33.7266
52000000	21000000	38.9987
52000000	22000000	38.3141
52000000	23000000	30.7642
52000000	24000000	42.3813
52000000	25000000	42.5765
52000000	26000000	35.5267
52000000	27000000	44.2750
52000000	28000000	33.0339
52000000	29000000	40.6506
52000000	30000000	38.2876
52000000	31000000	54.2196
52000000	32000000	50.3395
52000000	33000000	62.0028
52000000	34000000	43.2218
52000000	35000000	52.5194
52000000	36000000	71.5867
52000000	37000000	70.7104
52000000	38000000	57.1360
52000000	39000000	55.5830
52000000	40000000	73.3920
52000000	41000000	86.4636
52000000	42000000	83.0683
52000000	43000000	94.9201
52000000	44000000	114.1297
52000000	45000000	165.3370
52000000	46000000	168.8204
52000000	47000000	101.9970
52000000	48000000	54.3461
52000000	49000000	122.9202
52000000	50000000	99.2146
52000000	51000000	538.2556
52000000	52000000	3426.3560
52000000	53000000	625.5158
52000000	54000000	267.9711
52000000	55000000	188.9148
52000000	56000000	138.1317
52000000	57000000	87.5781
52000000	58000000	58.6065
52000000	59000000	54.7930
52000000	60000000	58.7388
53000000	1000000	35.2330
53000000	2000000	24.9234
53000000	3000000	26.4975
53000000	4000000	27.1281
53000000	5000000	24.7573
53000000	6000000	28.8788
53000000	7000000	25.1224
53000000	8000000	23.7176
53000000	9000000	23.8707
53000000	10000000	28.7823
53000000	11000000	34.1099
53000000	12000000	23.5879
53000000	13000000	24.9373
53000000	14000000	33.9721
53000000	15000000	32.8376
53000000	16000000	36.1256
53000000	17000000	31.9440
53000000	18000000	26.6022
53000000	19000000	21.6623
53000000	20000000	25.4065
53000000	21000000	28.3985
53000000	22000000	33.5277
53000000	23000000	28.2748
53000000	24000000	38.8495
53000000	25000000	41.6288
53000000	26000000	36.2593
53000000	27000000	36.5820
53000000	28000000	31.2247
53000000	29000000	35.5906
53000000	30000000	47.1661
53000000	31000000	58.8753
53000000	32000000	35.2141
53000000	33000000	42.9046
53000000	34000000	53.8034
53000000	35000000	51.3569
53000000	36000000	51.6768
53000000	37000000	72.7508
53000000	38000000	59.1204
53000000	39000000	79.3404
53000000	40000000	67.4450
53000000	41000000	81.6448
53000000	42000000	82.5928
53000000	43000000	119.8176
53000000	44000000	126.3284
53000000	45000000	85.0835
53000000	46000000	115.0490
53000000	47000000	151.7455
53000000	48000000	73.3585
53000000	49000000	100.9213
53000000	50000000	142.4387
53000000	51000000	225.6186
53000000	52000000	625.5158
53000000	53000000	3385.7310
53000000	54000000	626.1381
53000000	55000000	149.7043
53000000	56000000	211.6360
53000000	57000000	202.2143
53000000	58000000	97.7031
53000000	59000000	62.3052
53000000	60000000	77.6580
54000000	1000000	49.4618
54000000	2000000	25.4666
54000000	3000000	24.1488
54000000	4000000	30.7285
54000000	5000000	29.0280
54000000	6000000	33.3863
54000000	7000000	26.7826
54000000	8000000	34.5794
54000000	9000000	30.9749
54000000	10000000	31.2526
54000000	11000000	26.8467
54000000	12000000	31.2192
54000000	13000000	25.8529
54000000	14000000	36.7504
54000000	15000000	40.4586
54000000	16000000	36.0572
54000000	17000000	34.3447
54000000	18000000	32.9799
54000000	19000000	27.4384
54000000	20000000	34.9018
54000000	21000000	29.1624
54000000	22000000	37.1362
54000000	23000000	33.6399
54000000	24000000	40.5964
54000000	25000000	31.2617
54000000	26000000	31.9643
54000000	27000000	32.7126
54000000	28000000	31.9801
54000000	29000000	25.0725
54000000	30000000	26.9321
54000000	31000000	38.7355
54000000	32000000	43.8769
54000000	33000000	59.1569
54000000	34000000	30.9053
54000000	35000000	46.9017
54000000	36000000	64.7187
54000000	37000000	46.6027
54000000	38000000	37.7611
54000000	39000000	40.2767
54000000	40000000	66.7007
54000000	41000000	71.4309
54000000	42000000	55.7974
54000000	43000000	54.6184
54000000	44000000	105.1370
54000000	45000000	153.8002
54000000	46000000	168.4461
54000000	47000000	60.1773
54000000	48000000	36.9554
54000000	49000000	73.6100
54000000	50000000	47.4948
54000000	51000000	73.0228
54000000	52000000	267.9711
54000000	53000000	626.1381
54000000	54000000	2857.9434
54000000	55000000	713.1197
54000000	56000000	344.8712
54000000	57000000	110.6758
54000000	58000000	45.7370
54000000	59000000	41.8919
54000000	60000000	53.4070
55000000	1000000	39.5157
55000000	2000000	24.4205
55000000	3000000	22.9806
55000000	4000000	24.6034
55000000	5000000	27.9172
55000000	6000000	33.8264
55000000	7000000	28.8042
55000000	8000000	34.2606
55000000	9000000	26.6284
55000000	10000000	28.8206
55000000	11000000	25.8998
55000000	12000000	27.3462
55000000	13000000	25.5643
55000000	14000000	35.1195
55000000	15000000	36.0954
55000000	16000000	29.0904
55000000	17000000	27.8211
55000000	18000000	29.7725
55000000	19000000	34.4653
55000000	20000000	37.0781
55000000	21000000	32.8970
55000000	22000000	34.1854
55000000	23000000	31.1302
55000000	24000000	34.0563
55000000	25000000	28.8362
55000000	26000000	22.3697
55000000	27000000	27.6957
55000000	28000000	25.1883
55000000	29000000	25.7162
55000000	30000000	24.1327
55000000	31000000	39.7753
55000000	32000000	43.7436
55000000	33000000	50.2111
55000000	34000000	23.5430
55000000	35000000	35.0556
55000000	36000000	49.6847
55000000	37000000	42.0066
55000000	38000000	33.3335
55000000	39000000	31.6505
55000000	40000000	56.9570
55000000	41000000	54.7636
55000000	42000000	42.0385
55000000	43000000	41.5642
55000000	44000000	76.5425
55000000	45000000	149.7785
55000000	46000000	153.1870
55000000	47000000	35.4485
55000000	48000000	28.1905
55000000	49000000	60.2751
55000000	50000000	36.7638
55000000	51000000	45.3625
55000000	52000000	188.9148
55000000	53000000	149.7043
55000000	54000000	713.1197
55000000	55000000	2633.6647
55000000	56000000	837.3233
55000000	57000000	108.1336
55000000	58000000	36.9118
55000000	59000000	39.1181
55000000	60000000	49.2721
56000000	1000000	29.6685
56000000	2000000	12.1336
56000000	3000000	18.7966
56000000	4000000	23.4662
56000000	5000000	20.2264
56000000	6000000	28.3753
56000000	7000000	22.1871
56000000	8000000	23.9131
56000000	9000000	21.4621
56000000	10000000	23.3944
56000000	11000000	30.0497
56000000	12000000	23.1202
56000000	13000000	19.0672
56000000	14000000	26.5671
56000000	15000000	27.7134
56000000	16000000	24.7693
56000000	17000000	20.0867
56000000	18000000	25.4041
56000000	19000000	19.4795
56000000	20000000	22.1110
56000000	21000000	25.1806
56000000	22000000	29.6385
56000000	23000000	27.0418
56000000	24000000	28.0443
56000000	25000000	23.8109
56000000	26000000	23.8045
56000000	27000000	26.7601
56000000	28000000	26.1342
56000000	29000000	17.5542
56000000	30000000	24.3999
56000000	31000000	39.8630
56000000	32000000	39.9473
56000000	33000000	46.6372
56000000	34000000	29.0230
56000000	35000000	42.9487
56000000	36000000	43.7116
56000000	37000000	39.7698
56000000	38000000	34.1303
56000000	39000000	39.7964
56000000	40000000	58.3908
56000000	41000000	60.1425
56000000	42000000	54.3838
56000000	43000000	49.3039
56000000	44000000	96.5292
56000000	45000000	106.9607
56000000	46000000	118.8611
56000000	47000000	61.8836
56000000	48000000	29.4207
56000000	49000000	70.3333
56000000	50000000	44.3295
56000000	51000000	69.2188
56000000	52000000	138.1317
56000000	53000000	211.6360
56000000	54000000	344.8712
56000000	55000000	837.3233
56000000	56000000	2020.0396
56000000	57000000	374.7244
56000000	58000000	51.5452
56000000	59000000	53.2540
56000000	60000000	54.6290
57000000	1000000	27.5700
57000000	2000000	21.7844
57000000	3000000	16.1455
57000000	4000000	15.1335
57000000	5000000	15.6288
57000000	6000000	19.2247
57000000	7000000	16.5376
57000000	8000000	14.9477
57000000	9000000	13.0915
57000000	10000000	15.3998
57000000	11000000	20.9682
57000000	12000000	14.9386
57000000	13000000	15.9582
57000000	14000000	15.5759
57000000	15000000	20.8810
57000000	16000000	21.4870
57000000	17000000	16.2290
57000000	18000000	14.1651
57000000	19000000	9.5718
57000000	20000000	17.8594
57000000	21000000	15.5748
57000000	22000000	18.8167
57000000	23000000	14.8752
57000000	24000000	22.6741
57000000	25000000	29.6463
57000000	26000000	28.7182
57000000	27000000	21.1017
57000000	28000000	23.4233
57000000	29000000	31.4817
57000000	30000000	40.1998
57000000	31000000	31.6932
57000000	32000000	21.6442
57000000	33000000	26.3759
57000000	34000000	58.6570
57000000	35000000	39.7843
57000000	36000000	36.7490
57000000	37000000	54.1929
57000000	38000000	59.1988
57000000	39000000	65.9755
57000000	40000000	41.4275
57000000	41000000	54.3603
57000000	42000000	61.3224
57000000	43000000	89.4733
57000000	44000000	70.7695
57000000	45000000	33.1288
57000000	46000000	40.7720
57000000	47000000	108.6752
57000000	48000000	86.6717
57000000	49000000	82.3735
57000000	50000000	100.3453
57000000	51000000	132.2437
57000000	52000000	87.5781
57000000	53000000	202.2143
57000000	54000000	110.6758
57000000	55000000	108.1336
57000000	56000000	374.7244
57000000	57000000	1946.6127
57000000	58000000	419.6274
57000000	59000000	122.2162
57000000	60000000	105.6470
58000000	1000000	31.4785
58000000	2000000	35.8693
58000000	3000000	26.9230
58000000	4000000	25.5322
58000000	5000000	20.8474
58000000	6000000	22.9076
58000000	7000000	18.0664
58000000	8000000	22.0783
58000000	9000000	21.1647
58000000	10000000	28.7690
58000000	11000000	29.3139
58000000	12000000	19.2705
58000000	13000000	21.8802
58000000	14000000	26.5117
58000000	15000000	31.1199
58000000	16000000	33.5401
58000000	17000000	20.3190
58000000	18000000	19.2758
58000000	19000000	18.2170
58000000	20000000	18.4920
58000000	21000000	15.6227
58000000	22000000	23.1493
58000000	23000000	19.2549
58000000	24000000	28.6801
58000000	25000000	37.7999
58000000	26000000	47.4074
58000000	27000000	32.1508
58000000	28000000	23.9864
58000000	29000000	44.1036
58000000	30000000	51.7574
58000000	31000000	37.5523
58000000	32000000	22.1899
58000000	33000000	23.2759
58000000	34000000	52.6415
58000000	35000000	44.6775
58000000	36000000	29.4553
58000000	37000000	52.2897
58000000	38000000	66.1960
58000000	39000000	88.0173
58000000	40000000	42.5353
58000000	41000000	47.6387
58000000	42000000	62.2110
58000000	43000000	75.3293
58000000	44000000	44.3905
58000000	45000000	21.5968
58000000	46000000	26.7279
58000000	47000000	86.5015
58000000	48000000	125.8199
58000000	49000000	88.8018
58000000	50000000	110.3969
58000000	51000000	104.9698
58000000	52000000	58.6065
58000000	53000000	97.7031
58000000	54000000	45.7370
58000000	55000000	36.9118
58000000	56000000	51.5452
58000000	57000000	419.6274
58000000	58000000	3688.7775
58000000	59000000	524.2315
58000000	60000000	161.0969
59000000	1000000	25.8546
59000000	2000000	26.3216
59000000	3000000	18.0981
59000000	4000000	19.2494
59000000	5000000	16.9122
59000000	6000000	21.5982
59000000	7000000	15.7356
59000000	8000000	16.3937
59000000	9000000	14.6456
59000000	10000000	27.7295
59000000	11000000	27.5137
59000000	12000000	19.6499
59000000	13000000	15.1401
59000000	14000000	25.9988
59000000	15000000	22.8170
59000000	16000000	26.9970
59000000	17000000	18.4193
59000000	18000000	15.1527
59000000	19000000	12.8268
59000000	20000000	19.2452
59000000	21000000	14.6740
59000000	22000000	25.2987
59000000	23000000	13.9663
59000000	24000000	22.2088
59000000	25000000	35.0242
59000000	26000000	37.0345
59000000	27000000	28.4070
59000000	28000000	20.1757
59000000	29000000	33.7316
59000000	30000000	42.5571
59000000	31000000	31.2063
59000000	32000000	22.6707
59000000	33000000	26.4854
59000000	34000000	40.4837
59000000	35000000	31.3911
59000000	36000000	27.9800
59000000	37000000	48.2285
59000000	38000000	62.4160
59000000	39000000	61.8543
59000000	40000000	40.1482
59000000	41000000	43.2194
59000000	42000000	62.7543
59000000	43000000	61.8286
59000000	44000000	33.4539
59000000	45000000	20.5070
59000000	46000000	25.8892
59000000	47000000	69.9065
59000000	48000000	93.9015
59000000	49000000	82.5227
59000000	50000000	84.0787
59000000	51000000	88.3799
59000000	52000000	54.7930
59000000	53000000	62.3052
59000000	54000000	41.8919
59000000	55000000	39.1181
59000000	56000000	53.2540
59000000	57000000	122.2162
59000000	58000000	524.2315
59000000	59000000	2387.2196
59000000	60000000	423.5849
60000000	1000000	36.3010
60000000	2000000	32.5379
60000000	3000000	25.8031
60000000	4000000	23.3826
60000000	5000000	22.4235
60000000	6000000	27.7674
60000000	7000000	23.7086
60000000	8000000	25.7792
60000000	9000000	23.5393
60000000	10000000	34.3126
60000000	11000000	29.8862
60000000	12000000	18.1426
60000000	13000000	18.6795
60000000	14000000	28.3017
60000000	15000000	31.1694
60000000	16000000	34.0476
60000000	17000000	26.2572
60000000	18000000	23.6886
60000000	19000000	17.5952
60000000	20000000	21.2743
60000000	21000000	27.5103
60000000	22000000	27.6844
60000000	23000000	18.5101
60000000	24000000	28.5544
60000000	25000000	34.5883
60000000	26000000	39.9601
60000000	27000000	32.1598
60000000	28000000	22.3441
60000000	29000000	30.4689
60000000	30000000	43.3989
60000000	31000000	31.8678
60000000	32000000	23.0258
60000000	33000000	30.2434
60000000	34000000	50.5435
60000000	35000000	37.8238
60000000	36000000	40.1585
60000000	37000000	49.1678
60000000	38000000	55.2162
60000000	39000000	59.8498
60000000	40000000	41.2874
60000000	41000000	48.5746
60000000	42000000	50.6697
60000000	43000000	62.7312
60000000	44000000	36.5083
60000000	45000000	32.9374
60000000	46000000	42.2567
60000000	47000000	64.7204
60000000	48000000	70.7667
60000000	49000000	68.9269
60000000	50000000	89.5992
60000000	51000000	84.6310
60000000	52000000	58.7388
60000000	53000000	77.6580
60000000	54000000	53.4070
60000000	55000000	49.2721
60000000	56000000	54.6290
60000000	57000000	105.6470
60000000	58000000	161.0969
60000000	59000000	423.5849
60000000	60000000	2995.6156
