1000000	1000000	1223.5637
1000000	2000000	599.7412
1000000	3000000	182.0839
1000000	4000000	124.6419
1000000	5000000	79.7836
1000000	6000000	73.6627
1000000	7000000	86.9809
1000000	8000000	83.3361
1000000	9000000	84.3180
1000000	10000000	87.0570
1000000	11000000	86.4182
1000000	12000000	67.4017
1000000	13000000	50.2727
1000000	14000000	56.7651
1000000	15000000	63.3862
1000000	16000000	52.7872
1000000	17000000	38.0489
1000000	18000000	37.7374
1000000	19000000	41.9004
1000000	20000000	47.3431
1000000	21000000	44.6880
1000000	22000000	51.7687
1000000	23000000	43.5063
1000000	24000000	44.3776
1000000	25000000	33.0172
1000000	26000000	27.8137
1000000	27000000	44.0483
1000000	28000000	39.4142
1000000	29000000	30.9649
1000000	30000000	27.4684
1000000	31000000	37.6974
1000000	32000000	28.9497
1000000	33000000	27.8814
1000000	34000000	31.5026
1000000	35000000	33.5958
1000000	36000000	21.2916
1000000	37000000	21.9580
1000000	38000000	24.9401
1000000	39000000	20.1279
1000000	40000000	21.9773
1000000	41000000	19.7665
1000000	42000000	27.1191
1000000	43000000	18.1885
1000000	44000000	19.2262
1000000	45000000	12.7354
2000000	1000000	599.7412
2000000	2000000	2664.6479
2000000	3000000	765.0726
2000000	4000000	220.2092
2000000	5000000	162.9262
2000000	6000000	141.4476
2000000	7000000	126.9380
2000000	8000000	96.4493
2000000	9000000	99.6408
2000000	10000000	130.3458
2000000	11000000	107.7127
2000000	12000000	120.3841
2000000	13000000	81.3432
2000000	14000000	73.8247
2000000	15000000	121.3669
2000000	16000000	97.4487
2000000	17000000	80.4229
2000000	18000000	86.8618
2000000	19000000	84.3560
2000000	20000000	70.5828
2000000	21000000	70.0204
2000000	22000000	77.2581
2000000	23000000	78.6881
2000000	24000000	59.5528
2000000	25000000	66.3887
2000000	26000000	68.0668
2000000	27000000	56.0580
2000000	28000000	62.7354
2000000	29000000	52.8417
2000000	30000000	52.8270
2000000	31000000	57.0011
2000000	32000000	57.5601
2000000	33000000	58.7835
2000000	34000000	50.0290
2000000	35000000	38.7211
2000000	36000000	40.0690
2000000	37000000	43.6512
2000000	38000000	40.5721
2000000	39000000	42.2148
2000000	40000000	36.8199
2000000	41000000	40.0495
2000000	42000000	39.3476
2000000	43000000	29.1547
2000000	44000000	29.8381
2000000	45000000	16.3414
3000000	1000000	182.0839
3000000	2000000	765.0726
3000000	3000000	3168.2086
3000000	4000000	911.9342
3000000	5000000	256.3068
3000000	6000000	140.8239
3000000	7000000	131.2341
3000000	8000000	119.5922
3000000	9000000	116.7786
3000000	10000000	148.6784
3000000	11000000	116.2636
3000000	12000000	125.0301
3000000	13000000	83.5666
3000000	14000000	89.8515
3000000	15000000	112.2726
3000000	16000000	117.2854
3000000	17000000	97.4029
3000000	18000000	103.4867
3000000	19000000	82.6976
3000000	20000000	73.9536
3000000	21000000	76.3142
3000000	22000000	93.0777
3000000	23000000	81.3773
3000000	24000000	70.2453
3000000	25000000	69.7081
3000000	26000000	70.7121
3000000	27000000	67.6625
3000000	28000000	66.0688
3000000	29000000	51.1305
3000000	30000000	67.5019
3000000	31000000	60.3262
3000000	32000000	58.3067
3000000	33000000	67.9843
3000000	34000000	52.5607
3000000	35000000	50.5229
3000000	36000000	45.5619
3000000	37000000	50.3118
3000000	38000000	49.2572
3000000	39000000	48.9360
3000000	40000000	43.9498
3000000	41000000	38.1157
3000000	42000000	44.0810
3000000	43000000	31.1690
3000000	44000000	40.4157
3000000	45000000	22.0885
4000000	1000000	124.6419
4000000	2000000	220.2092
4000000	3000000	911.9342
4000000	4000000	3034.6395
4000000	5000000	552.6822
4000000	6000000	165.1923
4000000	7000000	150.9695
4000000	8000000	124.6242
4000000	9000000	122.3603
4000000	10000000	139.8081
4000000	11000000	121.4240
4000000	12000000	99.9734
4000000	13000000	91.6749
4000000	14000000	82.1834
4000000	15000000	108.1837
4000000	16000000	97.8289
4000000	17000000	69.6838
4000000	18000000	86.3177
4000000	19000000	72.8128
4000000	20000000	74.9067
4000000	21000000	76.1998
4000000	22000000	74.8388
4000000	23000000	75.6826
4000000	24000000	68.5232
4000000	25000000	67.2819
4000000	26000000	59.8244
4000000	27000000	62.7689
4000000	28000000	58.7806
4000000	29000000	57.7755
4000000	30000000	51.1868
4000000	31000000	53.9156
4000000	32000000	63.4476
4000000	33000000	60.9684
4000000	34000000	49.2297
4000000	35000000	53.1591
4000000	36000000	45.8039
4000000	37000000	44.7090
4000000	38000000	39.3351
4000000	39000000	48.0417
4000000	40000000	37.3274
4000000	41000000	35.6003
4000000	42000000	42.5910
4000000	43000000	37.4632
4000000	44000000	43.4611
4000000	45000000	19.1495
5000000	1000000	79.7836
5000000	2000000	162.9262
5000000	3000000	256.3068
5000000	4000000	552.6822
5000000	5000000	2657.2729
5000000	6000000	603.5935
5000000	7000000	222.8764
5000000	8000000	126.5222
5000000	9000000	97.7379
5000000	10000000	153.6036
5000000	11000000	110.4946
5000000	12000000	138.4027
5000000	13000000	72.6913
5000000	14000000	78.1094
5000000	15000000	105.3774
5000000	16000000	116.1126
5000000	17000000	97.8125
5000000	18000000	96.8755
5000000	19000000	81.7142
5000000	20000000	63.8927
5000000	21000000	76.2032
5000000	22000000	73.5989
5000000	23000000	78.4689
5000000	24000000	61.9366
5000000	25000000	61.3462
5000000	26000000	62.6218
5000000	27000000	69.7520
5000000	28000000	61.5975
5000000	29000000	50.7316
5000000	30000000	64.6461
5000000	31000000	62.0234
5000000	32000000	69.9322
5000000	33000000	71.1803
5000000	34000000	53.8439
5000000	35000000	50.7945
5000000	36000000	41.3031
5000000	37000000	46.6960
5000000	38000000	50.7821
5000000	39000000	47.8575
5000000	40000000	46.9052
5000000	41000000	36.8283
5000000	42000000	45.1013
5000000	43000000	35.6362
5000000	44000000	32.4677
5000000	45000000	18.3239
6000000	1000000	73.6627
6000000	2000000	141.4476
6000000	3000000	140.8239
6000000	4000000	165.1923
6000000	5000000	603.5935
6000000	6000000	2571.5108
6000000	7000000	789.3964
6000000	8000000	180.7242
6000000	9000000	110.5284
6000000	10000000	184.2842
6000000	11000000	111.6639
6000000	12000000	147.2895
6000000	13000000	67.7229
6000000	14000000	68.8917
6000000	15000000	97.7216
6000000	16000000	108.3031
6000000	17000000	113.5214
6000000	18000000	100.2386
6000000	19000000	90.0483
6000000	20000000	63.7028
6000000	21000000	76.6484
6000000	22000000	73.8458
6000000	23000000	81.3046
6000000	24000000	62.4885
6000000	25000000	60.4244
6000000	26000000	62.8660
6000000	27000000	54.9783
6000000	28000000	74.0727
6000000	29000000	45.6121
6000000	30000000	71.5077
6000000	31000000	68.7253
6000000	32000000	69.1142
6000000	33000000	67.4325
6000000	34000000	54.6379
6000000	35000000	44.5623
6000000	36000000	45.2420
6000000	37000000	50.2771
6000000	38000000	50.3157
6000000	39000000	45.7002
6000000	40000000	44.5799
6000000	41000000	43.9128
6000000	42000000	38.2570
6000000	43000000	25.0129
6000000	44000000	39.8724
6000000	45000000	17.2202
7000000	1000000	86.9809
7000000	2000000	126.9380
7000000	3000000	131.2341
7000000	4000000	150.9695
7000000	5000000	222.8764
7000000	6000000	789.3964
7000000	7000000	2470.0040
7000000	8000000	754.5128
7000000	9000000	257.9344
7000000	10000000	257.0862
7000000	11000000	151.7456
7000000	12000000	139.5975
7000000	13000000	91.2959
7000000	14000000	86.6201
7000000	15000000	120.4832
7000000	16000000	89.9711
7000000	17000000	71.2766
7000000	18000000	78.0554
7000000	19000000	86.9619
7000000	20000000	77.3046
7000000	21000000	82.4335
7000000	22000000	77.0913
7000000	23000000	84.9613
7000000	24000000	76.2323
7000000	25000000	69.7827
7000000	26000000	66.7478
7000000	27000000	72.5926
7000000	28000000	65.8013
7000000	29000000	57.3677
7000000	30000000	65.3692
7000000	31000000	58.1402
7000000	32000000	59.2423
7000000	33000000	55.8168
7000000	34000000	53.3793
7000000	35000000	48.8433
7000000	36000000	48.0038
7000000	37000000	42.9316
7000000	38000000	41.2049
7000000	39000000	42.9085
7000000	40000000	37.5642
7000000	41000000	44.2234
7000000	42000000	46.6479
7000000	43000000	35.6883
7000000	44000000	36.9998
7000000	45000000	14.8755
8000000	1000000	83.3361
8000000	2000000	96.4493
8000000	3000000	119.5922
8000000	4000000	124.6242
8000000	5000000	126.5222
8000000	6000000	180.7242
8000000	7000000	754.5128
8000000	8000000	2706.9368
8000000	9000000	1009.8761
8000000	10000000	357.5337
8000000	11000000	162.6980
8000000	12000000	119.1564
8000000	13000000	97.9952
8000000	14000000	86.1324
8000000	15000000	109.2431
8000000	16000000	80.2529
8000000	17000000	59.2725
8000000	18000000	64.2119
8000000	19000000	81.1882
8000000	20000000	76.0523
8000000	21000000	65.6503
8000000	22000000	76.4171
8000000	23000000	64.2117
8000000	24000000	72.0361
8000000	25000000	68.2335
8000000	26000000	71.8486
8000000	27000000	64.7249
8000000	28000000	57.7252
8000000	29000000	57.2469
8000000	30000000	57.8852
8000000	31000000	55.5705
8000000	32000000	47.8023
8000000	33000000	50.5588
8000000	34000000	47.6969
8000000	35000000	48.6622
8000000	36000000	50.6606
8000000	37000000	42.6077
8000000	38000000	29.3777
8000000	39000000	45.9409
8000000	40000000	36.9036
8000000	41000000	33.3568
8000000	42000000	37.6368
8000000	43000000	34.9625
8000000	44000000	42.0338
8000000	45000000	16.4772
9000000	1000000	84.3180
9000000	2000000	99.6408
9000000	3000000	116.7786
9000000	4000000	122.3603
9000000	5000000	97.7379
9000000	6000000	110.5284
9000000	7000000	257.9344
9000000	8000000	1009.8761
9000000	9000000	3028.9423
9000000	10000000	819.3343
9000000	11000000	201.2662
9000000	12000000	116.2640
9000000	13000000	103.7795
9000000	14000000	88.8497
9000000	15000000	110.0893
9000000	16000000	81.9666
9000000	17000000	49.9758
9000000	18000000	62.7608
9000000	19000000	70.2227
9000000	20000000	76.1392
9000000	21000000	71.9010
9000000	22000000	64.4872
9000000	23000000	72.2412
9000000	24000000	68.6990
9000000	25000000	71.9978
9000000	26000000	75.2759
9000000	27000000	61.4329
9000000	28000000	66.4595
9000000	29000000	58.5623
9000000	30000000	48.1685
9000000	31000000	52.3781
9000000	32000000	45.2579
9000000	33000000	44.3178
9000000	34000000	43.8091
9000000	35000000	54.9201
9000000	36000000	43.7900
9000000	37000000	39.7029
9000000	38000000	32.1885
9000000	39000000	46.2402
9000000	40000000	39.8079
9000000	41000000	33.9555
9000000	42000000	37.3042
9000000	43000000	33.9072
9000000	44000000	46.5543
9000000	45000000	21.6943
10000000	1000000	87.0570
10000000	2000000	130.3458
10000000	3000000	148.6784
10000000	4000000	139.8081
10000000	5000000	153.6036
10000000	6000000	184.2842
10000000	7000000	257.0862
10000000	8000000	357.5337
10000000	9000000	819.3343
10000000	10000000	3887.0566
10000000	11000000	645.0759
10000000	12000000	285.2333
10000000	13000000	138.0023
10000000	14000000	116.7036
10000000	15000000	163.7515
10000000	16000000	136.4549
10000000	17000000	99.6964
10000000	18000000	93.8123
10000000	19000000	108.7310
10000000	20000000	90.9443
10000000	21000000	107.2099
10000000	22000000	109.1708
10000000	23000000	115.1234
10000000	24000000	92.0368
10000000	25000000	97.4789
10000000	26000000	95.2457
10000000	27000000	85.7127
10000000	28000000	98.6854
10000000	29000000	78.2756
10000000	30000000	84.7602
10000000	31000000	83.9002
10000000	32000000	81.9223
10000000	33000000	84.3070
10000000	34000000	72.7471
10000000	35000000	68.4630
10000000	36000000	56.5929
10000000	37000000	56.7558
10000000	38000000	61.4777
10000000	39000000	63.0715
10000000	40000000	56.1578
10000000	41000000	52.6331
10000000	42000000	47.4584
10000000	43000000	44.2735
10000000	44000000	56.0713
10000000	45000000	23.5801
11000000	1000000	86.4182
11000000	2000000	107.7127
11000000	3000000	116.2636
11000000	4000000	121.4240
11000000	5000000	110.4946
11000000	6000000	111.6639
11000000	7000000	151.7456
11000000	8000000	162.6980
11000000	9000000	201.2662
11000000	10000000	645.0759
11000000	11000000	3064.9231
11000000	12000000	638.2848
11000000	13000000	219.9130
11000000	14000000	175.5021
11000000	15000000	180.3463
11000000	16000000	126.5640
11000000	17000000	72.6152
11000000	18000000	77.5123
11000000	19000000	94.1302
11000000	20000000	106.5247
11000000	21000000	106.5036
11000000	22000000	106.6126
11000000	23000000	100.8378
11000000	24000000	107.6560
11000000	25000000	106.6193
11000000	26000000	98.3718
11000000	27000000	87.4271
11000000	28000000	91.0058
11000000	29000000	83.1014
11000000	30000000	67.8605
11000000	31000000	80.1417
11000000	32000000	62.9081
11000000	33000000	67.4839
11000000	34000000	66.1807
11000000	35000000	74.3611
11000000	36000000	69.6462
11000000	37000000	43.6417
11000000	38000000	44.2947
11000000	39000000	60.7037
11000000	40000000	45.1136
11000000	41000000	51.9597
11000000	42000000	52.8433
11000000	43000000	45.7930
11000000	44000000	55.0190
11000000	45000000	26.5257
12000000	1000000	67.4017
12000000	2000000	120.3841
12000000	3000000	125.0301
12000000	4000000	99.9734
12000000	5000000	138.4027
12000000	6000000	147.2895
12000000	7000000	139.5975
12000000	8000000	119.1564
12000000	9000000	116.2640
12000000	10000000	285.2333
12000000	11000000	638.2848
12000000	12000000	3440.2337
12000000	13000000	587.6602
12000000	14000000	297.4115
12000000	15000000	309.7277
12000000	16000000	219.5299
12000000	17000000	167.7997
12000000	18000000	135.2068
12000000	19000000	137.0738
12000000	20000000	84.4814
12000000	21000000	122.6706
12000000	22000000	110.9766
12000000	23000000	138.7906
12000000	24000000	95.5274
12000000	25000000	105.1066
12000000	26000000	103.8528
12000000	27000000	87.8785
12000000	28000000	93.9067
12000000	29000000	72.3965
12000000	30000000	105.7041
12000000	31000000	88.0359
12000000	32000000	103.3539
12000000	33000000	107.7562
12000000	34000000	87.0838
12000000	35000000	78.7764
12000000	36000000	50.7630
12000000	37000000	81.5669
12000000	38000000	72.3592
12000000	39000000	62.5024
12000000	40000000	69.1589
12000000	41000000	62.6311
12000000	42000000	58.4506
12000000	43000000	38.2073
12000000	44000000	44.0501
12000000	45000000	20.7416
13000000	1000000	50.2727
13000000	2000000	81.3432
13000000	3000000	83.5666
13000000	4000000	91.6749
13000000	5000000	72.6913
13000000	6000000	67.7229
13000000	7000000	91.2959
13000000	8000000	97.9952
13000000	9000000	103.7795
13000000	10000000	138.0023
13000000	11000000	219.9130
13000000	12000000	587.6602
13000000	13000000	2576.5169
13000000	14000000	892.3506
13000000	15000000	375.6618
13000000	16000000	139.3181
13000000	17000000	63.0867
13000000	18000000	61.5546
13000000	19000000	67.5164
13000000	20000000	93.0811
13000000	21000000	85.2288
13000000	22000000	100.0371
13000000	23000000	87.9081
13000000	24000000	98.9875
13000000	25000000	81.0183
13000000	26000000	77.8401
13000000	27000000	69.9381
13000000	28000000	79.1398
13000000	29000000	62.6008
13000000	30000000	55.7490
13000000	31000000	63.2717
13000000	32000000	54.5240
13000000	33000000	51.5367
13000000	34000000	54.4319
13000000	35000000	64.8428
13000000	36000000	59.8143
13000000	37000000	37.6078
13000000	38000000	26.4428
13000000	39000000	48.8454
13000000	40000000	40.7587
13000000	41000000	40.7128
13000000	42000000	46.6679
13000000	43000000	34.5446
13000000	44000000	41.0365
13000000	45000000	20.5054
14000000	1000000	56.7651
14000000	2000000	73.8247
14000000	3000000	89.8515
14000000	4000000	82.1834
14000000	5000000	78.1094
14000000	6000000	68.8917
14000000	7000000	86.6201
14000000	8000000	86.1324
14000000	9000000	88.8497
14000000	10000000	116.7036
14000000	11000000	175.5021
14000000	12000000	297.4115
14000000	13000000	892.3506
14000000	14000000	2673.8813
14000000	15000000	833.2790
14000000	16000000	153.3287
14000000	17000000	58.2605
14000000	18000000	62.8791
14000000	19000000	65.5879
14000000	20000000	87.9832
14000000	21000000	81.3729
14000000	22000000	91.4285
14000000	23000000	75.3093
14000000	24000000	100.1675
14000000	25000000	89.7965
14000000	26000000	79.0808
14000000	27000000	62.6525
14000000	28000000	61.0111
14000000	29000000	63.0717
14000000	30000000	52.0609
14000000	31000000	61.2413
14000000	32000000	47.2330
14000000	33000000	49.7645
14000000	34000000	49.1918
14000000	35000000	60.1612
14000000	36000000	58.5989
14000000	37000000	38.4709
14000000	38000000	29.3354
14000000	39000000	51.2957
14000000	40000000	42.3011
14000000	41000000	39.9786
14000000	42000000	47.2776
14000000	43000000	39.7921
14000000	44000000	45.0845
14000000	45000000	20.2632
15000000	1000000	63.3862
15000000	2000000	121.3669
15000000	3000000	112.2726
15000000	4000000	108.1837
15000000	5000000	105.3774
15000000	6000000	97.7216
15000000	7000000	120.4832
15000000	8000000	109.2431
15000000	9000000	110.0893
15000000	10000000	163.7515
15000000	11000000	180.3463
15000000	12000000	309.7277
15000000	13000000	375.6618
15000000	14000000	833.2790
15000000	15000000	3900.3352
15000000	16000000	523.9602
15000000	17000000	163.3127
15000000	18000000	116.8858
15000000	19000000	121.5309
15000000	20000000	96.0822
15000000	21000000	113.1780
15000000	22000000	124.6345
15000000	23000000	116.7913
15000000	24000000	99.5828
15000000	25000000	102.7560
15000000	26000000	99.4057
15000000	27000000	85.0098
15000000	28000000	92.6764
15000000	29000000	75.3408
15000000	30000000	77.6019
15000000	31000000	79.7676
15000000	32000000	84.9111
15000000	33000000	76.8469
15000000	34000000	82.0222
15000000	35000000	80.1954
15000000	36000000	60.4671
15000000	37000000	59.5022
15000000	38000000	57.0622
15000000	39000000	71.5748
15000000	40000000	59.0712
15000000	41000000	54.6133
15000000	42000000	59.7261
15000000	43000000	51.5215
15000000	44000000	53.1050
15000000	45000000	24.1285
16000000	1000000	52.7872
16000000	2000000	97.4487
16000000	3000000	117.2854
16000000	4000000	97.8289
16000000	5000000	116.1126
16000000	6000000	108.3031
16000000	7000000	89.9711
16000000	8000000	80.2529
16000000	9000000	81.9666
16000000	10000000	136.4549
16000000	11000000	126.5640
16000000	12000000	219.5299
16000000	13000000	139.3181
16000000	14000000	153.3287
16000000	15000000	523.9602
16000000	16000000	2963.5165
16000000	17000000	542.5285
16000000	18000000	170.4894
16000000	19000000	117.0129
16000000	20000000	93.5379
16000000	21000000	111.3053
16000000	22000000	102.0231
16000000	23000000	111.0854
16000000	24000000	78.3589
16000000	25000000	92.3182
16000000	26000000	86.6938
16000000	27000000	78.1140
16000000	28000000	86.6815
16000000	29000000	74.2528
16000000	30000000	91.3086
16000000	31000000	92.1288
16000000	32000000	101.1518
16000000	33000000	97.4202
16000000	34000000	82.9474
16000000	35000000	62.5120
16000000	36000000	57.1344
16000000	37000000	69.3845
16000000	38000000	71.1467
16000000	39000000	64.0361
16000000	40000000	63.7375
16000000	41000000	59.7587
16000000	42000000	58.5659
16000000	43000000	39.8427
16000000	44000000	51.9873
16000000	45000000	22.3029
17000000	1000000	38.0489
17000000	2000000	80.4229
17000000	3000000	97.4029
17000000	4000000	69.6838
17000000	5000000	97.8125
17000000	6000000	113.5214
17000000	7000000	71.2766
17000000	8000000	59.2725
17000000	9000000	49.9758
17000000	10000000	99.6964
17000000	11000000	72.6152
17000000	12000000	167.7997
17000000	13000000	63.0867
17000000	14000000	58.2605
17000000	15000000	163.3127
17000000	16000000	542.5285
17000000	17000000	4490.1104
17000000	18000000	669.5663
17000000	19000000	226.2636
17000000	20000000	54.5297
17000000	21000000	92.8029
17000000	22000000	81.5006
17000000	23000000	109.7991
17000000	24000000	49.0240
17000000	25000000	62.2589
17000000	26000000	73.7427
17000000	27000000	65.4390
17000000	28000000	80.3305
17000000	29000000	54.9196
17000000	30000000	123.1962
17000000	31000000	65.3556
17000000	32000000	133.5891
17000000	33000000	128.7239
17000000	34000000	82.9272
17000000	35000000	53.8495
17000000	36000000	40.4979
17000000	37000000	106.7481
17000000	38000000	113.5057
17000000	39000000	56.9475
17000000	40000000	72.9532
17000000	41000000	67.3821
17000000	42000000	54.3347
17000000	43000000	32.4245
17000000	44000000	39.6811
17000000	45000000	19.8585
18000000	1000000	37.7374
18000000	2000000	86.8618
18000000	3000000	103.4867
18000000	4000000	86.3177
18000000	5000000	96.8755
18000000	6000000	100.2386
18000000	7000000	78.0554
18000000	8000000	64.2119
18000000	9000000	62.7608
18000000	10000000	93.8123
18000000	11000000	77.5123
18000000	12000000	135.2068
18000000	13000000	61.5546
18000000	14000000	62.8791
18000000	15000000	116.8858
18000000	16000000	170.4894
18000000	17000000	669.5663
18000000	18000000	3982.5495
18000000	19000000	745.3200
18000000	20000000	132.5986
18000000	21000000	143.2189
18000000	22000000	109.2639
18000000	23000000	118.1210
18000000	24000000	68.1287
18000000	25000000	81.6672
18000000	26000000	91.5921
18000000	27000000	79.5576
18000000	28000000	85.4224
18000000	29000000	59.5664
18000000	30000000	118.1616
18000000	31000000	82.8270
18000000	32000000	126.3592
18000000	33000000	129.3343
18000000	34000000	98.7030
18000000	35000000	67.9180
18000000	36000000	62.0659
18000000	37000000	127.5577
18000000	38000000	112.9101
18000000	39000000	65.6958
18000000	40000000	75.6026
18000000	41000000	78.0230
18000000	42000000	66.5517
18000000	43000000	41.6021
18000000	44000000	57.4210
18000000	45000000	24.3339
19000000	1000000	41.9004
19000000	2000000	84.3560
19000000	3000000	82.6976
19000000	4000000	72.8128
19000000	5000000	81.7142
19000000	6000000	90.0483
19000000	7000000	86.9619
19000000	8000000	81.1882
19000000	9000000	70.2227
19000000	10000000	108.7310
19000000	11000000	94.1302
19000000	12000000	137.0738
19000000	13000000	67.5164
19000000	14000000	65.5879
19000000	15000000	121.5309
19000000	16000000	117.0129
19000000	17000000	226.2636
19000000	18000000	745.3200
19000000	19000000	3823.0123
19000000	20000000	696.5769
19000000	21000000	285.4976
19000000	22000000	134.3219
19000000	23000000	160.4029
19000000	24000000	86.6349
19000000	25000000	93.4978
19000000	26000000	94.6314
19000000	27000000	95.2386
19000000	28000000	93.9869
19000000	29000000	76.8801
19000000	30000000	120.7451
19000000	31000000	81.9917
19000000	32000000	117.1368
19000000	33000000	113.4261
19000000	34000000	96.0620
19000000	35000000	81.1752
19000000	36000000	63.7530
19000000	37000000	97.6874
19000000	38000000	91.1611
19000000	39000000	78.5011
19000000	40000000	87.3535
19000000	41000000	80.6332
19000000	42000000	83.0160
19000000	43000000	47.3643
19000000	44000000	56.8216
19000000	45000000	27.9021
20000000	1000000	47.3431
20000000	2000000	70.5828
20000000	3000000	73.9536
20000000	4000000	74.9067
20000000	5000000	63.8927
20000000	6000000	63.7028
20000000	7000000	77.3046
20000000	8000000	76.0523
20000000	9000000	76.1392
20000000	10000000	90.9443
20000000	11000000	106.5247
20000000	12000000	84.4814
20000000	13000000	93.0811
20000000	14000000	87.9832
20000000	15000000	96.0822
20000000	16000000	93.5379
20000000	17000000	54.5297
20000000	18000000	132.5986
20000000	19000000	696.5769
20000000	20000000	2744.2996
20000000	21000000	678.2481
20000000	22000000	208.3762
20000000	23000000	118.8314
20000000	24000000	125.3446
20000000	25000000	103.0567
20000000	26000000	91.1095
20000000	27000000	94.2497
20000000	28000000	93.5358
20000000	29000000	89.0343
20000000	30000000	75.8280
20000000	31000000	80.5051
20000000	32000000	61.2379
20000000	33000000	66.7740
20000000	34000000	70.5095
20000000	35000000	99.2120
20000000	36000000	78.2575
20000000	37000000	51.2811
20000000	38000000	36.6936
20000000	39000000	69.5962
20000000	40000000	59.0753
20000000	41000000	49.3503
20000000	42000000	66.9996
20000000	43000000	57.2949
20000000	44000000	72.1268
20000000	45000000	26.4229
21000000	1000000	44.6880
21000000	2000000	70.0204
21000000	3000000	76.3142
21000000	4000000	76.1998
21000000	5000000	76.2032
21000000	6000000	76.6484
21000000	7000000	82.4335
21000000	8000000	65.6503
21000000	9000000	71.9010
21000000	10000000	107.2099
21000000	11000000	106.5036
21000000	12000000	122.6706
21000000	13000000	85.2288
21000000	14000000	81.3729
21000000	15000000	113.1780
21000000	16000000	111.3053
21000000	17000000	92.8029
21000000	18000000	143.2189
21000000	19000000	285.4976
21000000	20000000	678.2481
21000000	21000000	2771.9310
21000000	22000000	735.8222
21000000	23000000	236.1596
21000000	24000000	140.8476
21000000	25000000	122.9038
21000000	26000000	111.3018
21000000	27000000	95.5116
21000000	28000000	105.3038
21000000	29000000	81.4092
21000000	30000000	100.1501
21000000	31000000	97.2249
21000000	32000000	89.0907
21000000	33000000	88.8893
21000000	34000000	82.0140
21000000	35000000	95.3585
21000000	36000000	76.7806
21000000	37000000	74.6560
21000000	38000000	69.2554
21000000	39000000	77.2865
21000000	40000000	72.4878
21000000	41000000	70.2474
21000000	42000000	74.0819
21000000	43000000	52.1659
21000000	44000000	68.7463
21000000	45000000	29.5647
22000000	1000000	51.7687
22000000	2000000	77.2581
22000000	3000000	93.0777
22000000	4000000	74.8388
22000000	5000000	73.5989
22000000	6000000	73.8458
22000000	7000000	77.0913
22000000	8000000	76.4171
22000000	9000000	64.4872
22000000	10000000	109.1708
22000000	11000000	106.6126
22000000	12000000	110.9766
22000000	13000000	100.0371
22000000	14000000	91.4285
22000000	15000000	124.6345
22000000	16000000	102.0231
22000000	17000000	81.5006
22000000	18000000	109.2639
22000000	19000000	134.3219
22000000	20000000	208.3762
22000000	21000000	735.8222
22000000	22000000	3166.5328
22000000	23000000	785.6732
22000000	24000000	255.4417
22000000	25000000	165.3135
22000000	26000000	126.0409
22000000	27000000	102.1895
22000000	28000000	107.2568
22000000	29000000	94.0607
22000000	30000000	89.8503
22000000	31000000	89.6659
22000000	32000000	83.9534
22000000	33000000	91.3065
22000000	34000000	99.4536
22000000	35000000	108.2362
22000000	36000000	90.1643
22000000	37000000	82.2604
22000000	38000000	63.2825
22000000	39000000	88.6592
22000000	40000000	63.0771
22000000	41000000	63.4278
22000000	42000000	82.9651
22000000	43000000	69.2358
22000000	44000000	74.6724
22000000	45000000	39.1157
23000000	1000000	43.5063
23000000	2000000	78.6881
23000000	3000000	81.3773
23000000	4000000	75.6826
23000000	5000000	78.4689
23000000	6000000	81.3046
23000000	7000000	84.9613
23000000	8000000	64.2117
23000000	9000000	72.2412
23000000	10000000	115.1234
23000000	11000000	100.8378
23000000	12000000	138.7906
23000000	13000000	87.9081
23000000	14000000	75.3093
23000000	15000000	116.7913
23000000	16000000	111.0854
23000000	17000000	109.7991
23000000	18000000	118.1210
23000000	19000000	160.4029
23000000	20000000	118.8314
23000000	21000000	236.1596
23000000	22000000	785.6732
23000000	23000000	2773.1946
23000000	24000000	834.6345
23000000	25000000	249.3733
23000000	26000000	185.9053
23000000	27000000	122.5133
23000000	28000000	135.1134
23000000	29000000	99.9842
23000000	30000000	130.3859
23000000	31000000	106.4301
23000000	32000000	107.2222
23000000	33000000	114.6716
23000000	34000000	110.3566
23000000	35000000	105.6271
23000000	36000000	96.3079
23000000	37000000	96.3255
23000000	38000000	84.4488
23000000	39000000	92.2193
23000000	40000000	87.6608
23000000	41000000	81.4219
23000000	42000000	87.0596
23000000	43000000	62.2519
23000000	44000000	77.0419
23000000	45000000	34.4196
24000000	1000000	44.3776
24000000	2000000	59.5528
24000000	3000000	70.2453
24000000	4000000	68.5232
24000000	5000000	61.9366
24000000	6000000	62.4885
24000000	7000000	76.2323
24000000	8000000	72.0361
24000000	9000000	68.6990
24000000	10000000	92.0368
24000000	11000000	107.6560
24000000	12000000	95.5274
24000000	13000000	98.9875
24000000	14000000	100.1675
24000000	15000000	99.5828
24000000	16000000	78.3589
24000000	17000000	49.0240
24000000	18000000	68.1287
24000000	19000000	86.6349
24000000	20000000	125.3446
24000000	21000000	140.8476
24000000	22000000	255.4417
24000000	23000000	834.6345
24000000	24000000	2749.2883
24000000	25000000	581.5181
24000000	26000000	240.3942
24000000	27000000	150.9864
24000000	28000000	131.3282
24000000	29000000	124.3945
24000000	30000000	87.3431
24000000	31000000	88.4113
24000000	32000000	70.5663
24000000	33000000	82.6352
24000000	34000000	87.2987
24000000	35000000	126.4056
24000000	36000000	116.8812
24000000	37000000	61.2084
24000000	38000000	47.3327
24000000	39000000	86.0239
24000000	40000000	71.6835
24000000	41000000	63.9918
24000000	42000000	80.4145
24000000	43000000	72.1073
24000000	44000000	81.8001
24000000	45000000	38.4187
25000000	1000000	33.0172
25000000	2000000	66.3887
25000000	3000000	69.7081
25000000	4000000	67.2819
25000000	5000000	61.3462
25000000	6000000	60.4244
25000000	7000000	69.7827
25000000	8000000	68.2335
25000000	9000000	71.9978
25000000	10000000	97.4789
25000000	11000000	106.6193
25000000	12000000	105.1066
25000000	13000000	81.0183
25000000	14000000	89.7965
25000000	15000000	102.7560
25000000	16000000	92.3182
25000000	17000000	62.2589
25000000	18000000	81.6672
25000000	19000000	93.4978
25000000	20000000	103.0567
25000000	21000000	122.9038
25000000	22000000	165.3135
25000000	23000000	249.3733
25000000	24000000	581.5181
25000000	25000000	2840.7858
25000000	26000000	931.2408
25000000	27000000	208.5145
25000000	28000000	163.1383
25000000	29000000	122.0932
25000000	30000000	105.4474
25000000	31000000	100.6621
25000000	32000000	78.6717
25000000	33000000	90.9737
25000000	34000000	96.6622
25000000	35000000	124.4509
25000000	36000000	105.6469
25000000	37000000	75.5519
25000000	38000000	55.7136
25000000	39000000	94.3866
25000000	40000000	79.2349
25000000	41000000	73.1358
25000000	42000000	87.3057
25000000	43000000	81.4938
25000000	44000000	83.9877
25000000	45000000	41.2585
26000000	1000000	27.8137
26000000	2000000	68.0668
26000000	3000000	70.7121
26000000	4000000	59.8244
26000000	5000000	62.6218
26000000	6000000	62.8660
26000000	7000000	66.7478
26000000	8000000	71.8486
26000000	9000000	75.2759
26000000	10000000	95.2457
26000000	11000000	98.3718
26000000	12000000	103.8528
26000000	13000000	77.8401
26000000	14000000	79.0808
26000000	15000000	99.4057
26000000	16000000	86.6938
26000000	17000000	73.7427
26000000	18000000	91.5921
26000000	19000000	94.6314
26000000	20000000	91.1095
26000000	21000000	111.3018
26000000	22000000	126.0409
26000000	23000000	185.9053
26000000	24000000	240.3942
26000000	25000000	931.2408
26000000	26000000	2374.4388
26000000	27000000	551.7863
26000000	28000000	261.3558
26000000	29000000	150.8727
26000000	30000000	134.3318
26000000	31000000	105.5590
26000000	32000000	114.3316
26000000	33000000	108.7356
26000000	34000000	100.8298
26000000	35000000	114.8302
26000000	36000000	102.0142
26000000	37000000	85.6152
26000000	38000000	57.2149
26000000	39000000	82.2305
26000000	40000000	84.3085
26000000	41000000	77.3464
26000000	42000000	88.7278
26000000	43000000	66.9750
26000000	44000000	79.6578
26000000	45000000	31.7431
27000000	1000000	44.0483
27000000	2000000	56.0580
27000000	3000000	67.6625
27000000	4000000	62.7689
27000000	5000000	69.7520
27000000	6000000	54.9783
27000000	7000000	72.5926
27000000	8000000	64.7249
27000000	9000000	61.4329
27000000	10000000	85.7127
27000000	11000000	87.4271
27000000	12000000	87.8785
27000000	13000000	69.9381
27000000	14000000	62.6525
27000000	15000000	85.0098
27000000	16000000	78.1140
27000000	17000000	65.4390
27000000	18000000	79.5576
27000000	19000000	95.2386
27000000	20000000	94.2497
27000000	21000000	95.5116
27000000	22000000	102.1895
27000000	23000000	122.5133
27000000	24000000	150.9864
27000000	25000000	208.5145
27000000	26000000	551.7863
27000000	27000000	2558.1353
27000000	28000000	802.3122
27000000	29000000	204.4399
27000000	30000000	133.0486
27000000	31000000	114.0455
27000000	32000000	95.4113
27000000	33000000	88.1298
27000000	34000000	87.0759
27000000	35000000	98.8271
27000000	36000000	107.7681
27000000	37000000	79.6098
27000000	38000000	65.6742
27000000	39000000	92.3466
27000000	40000000	77.6041
27000000	41000000	71.0357
27000000	42000000	83.6610
27000000	43000000	64.4651
27000000	44000000	73.0772
27000000	45000000	32.1050
28000000	1000000	39.4142
28000000	2000000	62.7354
28000000	3000000	66.0688
28000000	4000000	58.7806
28000000	5000000	61.5975
28000000	6000000	74.0727
28000000	7000000	65.8013
28000000	8000000	57.7252
28000000	9000000	66.4595
28000000	10000000	98.6854
28000000	11000000	91.0058
28000000	12000000	93.9067
28000000	13000000	79.1398
28000000	14000000	61.0111
28000000	15000000	92.6764
28000000	16000000	86.6815
28000000	17000000	80.3305
28000000	18000000	85.4224
28000000	19000000	93.9869
28000000	20000000	93.5358
28000000	21000000	105.3038
28000000	22000000	107.2568
28000000	23000000	135.1134
28000000	24000000	131.3282
28000000	25000000	163.1383
28000000	26000000	261.3558
28000000	27000000	802.3122
28000000	28000000	2574.9862
28000000	29000000	702.8890
28000000	30000000	275.6836
28000000	31000000	140.5894
28000000	32000000	115.3188
28000000	33000000	111.8660
28000000	34000000	95.3989
28000000	35000000	106.9824
28000000	36000000	98.5768
28000000	37000000	97.5187
28000000	38000000	82.0695
28000000	39000000	85.8578
28000000	40000000	87.4640
28000000	41000000	92.1696
28000000	42000000	99.2552
28000000	43000000	74.3928
28000000	44000000	85.7597
28000000	45000000	37.8950
29000000	1000000	30.9649
29000000	2000000	52.8417
29000000	3000000	51.1305
29000000	4000000	57.7755
29000000	5000000	50.7316
29000000	6000000	45.6121
29000000	7000000	57.3677
29000000	8000000	57.2469
29000000	9000000	58.5623
29000000	10000000	78.2756
29000000	11000000	83.1014
29000000	12000000	72.3965
29000000	13000000	62.6008
29000000	14000000	63.0717
29000000	15000000	75.3408
29000000	16000000	74.2528
29000000	17000000	54.9196
29000000	18000000	59.5664
29000000	19000000	76.8801
29000000	20000000	89.0343
29000000	21000000	81.4092
29000000	22000000	94.0607
29000000	23000000	99.9842
29000000	24000000	124.3945
29000000	25000000	122.0932
29000000	26000000	150.8727
29000000	27000000	204.4399
29000000	28000000	702.8890
29000000	29000000	2304.8034
29000000	30000000	676.5658
29000000	31000000	176.0624
29000000	32000000	96.0136
29000000	33000000	90.3624
29000000	34000000	89.2146
29000000	35000000	110.2991
29000000	36000000	108.0223
29000000	37000000	62.3395
29000000	38000000	48.8283
29000000	39000000	89.2316
29000000	40000000	73.6689
29000000	41000000	68.1144
29000000	42000000	85.9550
29000000	43000000	75.5757
29000000	44000000	83.8905
29000000	45000000	37.1234
30000000	1000000	27.4684
30000000	2000000	52.8270
30000000	3000000	67.5019
30000000	4000000	51.1868
30000000	5000000	64.6461
30000000	6000000	71.5077
30000000	7000000	65.3692
30000000	8000000	57.8852
30000000	9000000	48.1685
30000000	10000000	84.7602
30000000	11000000	67.8605
30000000	12000000	105.7041
30000000	13000000	55.7490
30000000	14000000	52.0609
30000000	15000000	77.6019
30000000	16000000	91.3086
30000000	17000000	123.1962
30000000	18000000	118.1616
30000000	19000000	120.7451
30000000	20000000	75.8280
30000000	21000000	100.1501
30000000	22000000	89.8503
30000000	23000000	130.3859
30000000	24000000	87.3431
30000000	25000000	105.4474
30000000	26000000	134.3318
30000000	27000000	133.0486
30000000	28000000	275.6836
30000000	29000000	676.5658
30000000	30000000	2868.2124
30000000	31000000	542.1608
30000000	32000000	233.1103
30000000	33000000	152.0249
30000000	34000000	113.4297
30000000	35000000	93.0633
30000000	36000000	88.5012
30000000	37000000	125.1147
30000000	38000000	103.6331
30000000	39000000	86.2556
30000000	40000000	106.5993
30000000	41000000	106.4231
30000000	42000000	109.5037
30000000	43000000	51.8736
30000000	44000000	82.9531
30000000	45000000	36.0937
31000000	1000000	37.6974
31000000	2000000	57.0011
31000000	3000000	60.3262
31000000	4000000	53.9156
31000000	5000000	62.0234
31000000	6000000	68.7253
31000000	7000000	58.1402
31000000	8000000	55.5705
31000000	9000000	52.3781
31000000	10000000	83.9002
31000000	11000000	80.1417
31000000	12000000	88.0359
31000000	13000000	63.2717
31000000	14000000	61.2413
31000000	15000000	79.7676
31000000	16000000	92.1288
31000000	17000000	65.3556
31000000	18000000	82.8270
31000000	19000000	81.9917
31000000	20000000	80.5051
31000000	21000000	97.2249
31000000	22000000	89.6659
31000000	23000000	106.4301
31000000	24000000	88.4113
31000000	25000000	100.6621
31000000	26000000	105.5590
31000000	27000000	114.0455
31000000	28000000	140.5894
31000000	29000000	176.0624
31000000	30000000	542.1608
31000000	31000000	2421.9956
31000000	32000000	663.9305
31000000	33000000	206.1433
31000000	34000000	121.2326
31000000	35000000	120.7264
31000000	36000000	98.1993
31000000	37000000	100.4993
31000000	38000000	77.1855
31000000	39000000	95.7434
31000000	40000000	99.1455
31000000	41000000	102.5761
31000000	42000000	110.9318
31000000	43000000	80.9385
31000000	44000000	86.9656
31000000	45000000	33.6470
32000000	1000000	28.9497
32000000	2000000	57.5601
32000000	3000000	58.3067
32000000	4000000	63.4476
32000000	5000000	69.9322
32000000	6000000	69.1142
32000000	7000000	59.2423
32000000	8000000	47.8023
32000000	9000000	45.2579
32000000	10000000	81.9223
32000000	11000000	62.9081
32000000	12000000	103.3539
32000000	13000000	54.5240
32000000	14000000	47.2330
32000000	15000000	84.9111
32000000	16000000	101.1518
32000000	17000000	133.5891
32000000	18000000	126.3592
32000000	19000000	117.1368
32000000	20000000	61.2379
32000000	21000000	89.0907
32000000	22000000	83.9534
32000000	23000000	107.2222
32000000	24000000	70.5663
32000000	25000000	78.6717
32000000	26000000	114.3316
32000000	27000000	95.4113
32000000	28000000	115.3188
32000000	29000000	96.0136
32000000	30000000	233.1103
32000000	31000000	663.9305
32000000	32000000	3358.7912
32000000	33000000	803.2115
32000000	34000000	170.0482
32000000	35000000	100.3791
32000000	36000000	85.6071
32000000	37000000	145.2744
32000000	38000000	133.2598
32000000	39000000	91.0731
32000000	40000000	114.9431
32000000	41000000	111.0675
32000000	42000000	98.9565
32000000	43000000	60.6718
32000000	44000000	75.4778
32000000	45000000	31.1058
33000000	1000000	27.8814
33000000	2000000	58.7835
33000000	3000000	67.9843
33000000	4000000	60.9684
33000000	5000000	71.1803
33000000	6000000	67.4325
33000000	7000000	55.8168
33000000	8000000	50.5588
33000000	9000000	44.3178
33000000	10000000	84.3070
33000000	11000000	67.4839
33000000	12000000	107.7562
33000000	13000000	51.5367
33000000	14000000	49.7645
33000000	15000000	76.8469
33000000	16000000	97.4202
33000000	17000000	128.7239
33000000	18000000	129.3343
33000000	19000000	113.4261
33000000	20000000	66.7740
33000000	21000000	88.8893
33000000	22000000	91.3065
33000000	23000000	114.6716
33000000	24000000	82.6352
33000000	25000000	90.9737
33000000	26000000	108.7356
33000000	27000000	88.1298
33000000	28000000	111.8660
33000000	29000000	90.3624
33000000	30000000	152.0249
33000000	31000000	206.1433
33000000	32000000	803.2115
33000000	33000000	3325.2908
33000000	34000000	604.5877
33000000	35000000	180.2113
33000000	36000000	126.8532
33000000	37000000	199.0972
33000000	38000000	163.2060
33000000	39000000	93.7468
33000000	40000000	119.3375
33000000	41000000	124.7090
33000000	42000000	120.8334
33000000	43000000	70.9231
33000000	44000000	96.6149
33000000	45000000	37.9364
34000000	1000000	31.5026
34000000	2000000	50.0290
34000000	3000000	52.5607
34000000	4000000	49.2297
34000000	5000000	53.8439
34000000	6000000	54.6379
34000000	7000000	53.3793
34000000	8000000	47.6969
34000000	9000000	43.8091
34000000	10000000	72.7471
34000000	11000000	66.1807
34000000	12000000	87.0838
34000000	13000000	54.4319
34000000	14000000	49.1918
34000000	15000000	82.0222
34000000	16000000	82.9474
34000000	17000000	82.9272
34000000	18000000	98.7030
34000000	19000000	96.0620
34000000	20000000	70.5095
34000000	21000000	82.0140
34000000	22000000	99.4536
34000000	23000000	110.3566
34000000	24000000	87.2987
34000000	25000000	96.6622
34000000	26000000	100.8298
34000000	27000000	87.0759
34000000	28000000	95.3989
34000000	29000000	89.2146
34000000	30000000	113.4297
34000000	31000000	121.2326
34000000	32000000	170.0482
34000000	33000000	604.5877
34000000	34000000	3327.9500
34000000	35000000	785.8312
34000000	36000000	210.9032
34000000	37000000	204.4954
34000000	38000000	120.1172
34000000	39000000	121.5235
34000000	40000000	108.6164
34000000	41000000	107.1800
34000000	42000000	137.8746
34000000	43000000	92.3990
34000000	44000000	103.8885
34000000	45000000	50.8702
35000000	1000000	33.5958
35000000	2000000	38.7211
35000000	3000000	50.5229
35000000	4000000	53.1591
35000000	5000000	50.7945
35000000	6000000	44.5623
35000000	7000000	48.8433
35000000	8000000	48.6622
35000000	9000000	54.9201
35000000	10000000	68.4630
35000000	11000000	74.3611
35000000	12000000	78.7764
35000000	13000000	64.8428
35000000	14000000	60.1612
35000000	15000000	80.1954
35000000	16000000	62.5120
35000000	17000000	53.8495
35000000	18000000	67.9180
35000000	19000000	81.1752
35000000	20000000	99.2120
35000000	21000000	95.3585
35000000	22000000	108.2362
35000000	23000000	105.6271
35000000	24000000	126.4056
35000000	25000000	124.4509
35000000	26000000	114.8302
35000000	27000000	98.8271
35000000	28000000	106.9824
35000000	29000000	110.2991
35000000	30000000	93.0633
35000000	31000000	120.7264
35000000	32000000	100.3791
35000000	33000000	180.2113
35000000	34000000	785.8312
35000000	35000000	3023.5737
35000000	36000000	945.2828
35000000	37000000	232.2411
35000000	38000000	73.5788
35000000	39000000	149.7304
35000000	40000000	102.8357
35000000	41000000	101.5692
35000000	42000000	146.2030
35000000	43000000	123.7392
35000000	44000000	139.3228
35000000	45000000	72.5031
36000000	1000000	21.2916
36000000	2000000	40.0690
36000000	3000000	45.5619
36000000	4000000	45.8039
36000000	5000000	41.3031
36000000	6000000	45.2420
36000000	7000000	48.0038
36000000	8000000	50.6606
36000000	9000000	43.7900
36000000	10000000	56.5929
36000000	11000000	69.6462
36000000	12000000	50.7630
36000000	13000000	59.8143
36000000	14000000	58.5989
36000000	15000000	60.4671
36000000	16000000	57.1344
36000000	17000000	40.4979
36000000	18000000	62.0659
36000000	19000000	63.7530
36000000	20000000	78.2575
36000000	21000000	76.7806
36000000	22000000	90.1643
36000000	23000000	96.3079
36000000	24000000	116.8812
36000000	25000000	105.6469
36000000	26000000	102.0142
36000000	27000000	107.7681
36000000	28000000	98.5768
36000000	29000000	108.0223
36000000	30000000	88.5012
36000000	31000000	98.1993
36000000	32000000	85.6071
36000000	33000000	126.8532
36000000	34000000	210.9032
36000000	35000000	945.2828
36000000	36000000	2577.6139
36000000	37000000	497.2242
36000000	38000000	96.8127
36000000	39000000	131.3153
36000000	40000000	111.2466
36000000	41000000	100.4926
36000000	42000000	123.5052
36000000	43000000	114.1009
36000000	44000000	133.1685
36000000	45000000	46.1228
37000000	1000000	21.9580
37000000	2000000	43.6512
37000000	3000000	50.3118
37000000	4000000	44.7090
37000000	5000000	46.6960
37000000	6000000	50.2771
37000000	7000000	42.9316
37000000	8000000	42.6077
37000000	9000000	39.7029
37000000	10000000	56.7558
37000000	11000000	43.6417
37000000	12000000	81.5669
37000000	13000000	37.6078
37000000	14000000	38.4709
37000000	15000000	59.5022
37000000	16000000	69.3845
37000000	17000000	106.7481
37000000	18000000	127.5577
37000000	19000000	97.6874
37000000	20000000	51.2811
37000000	21000000	74.6560
37000000	22000000	82.2604
37000000	23000000	96.3255
37000000	24000000	61.2084
37000000	25000000	75.5519
37000000	26000000	85.6152
37000000	27000000	79.6098
37000000	28000000	97.5187
37000000	29000000	62.3395
37000000	30000000	125.1147
37000000	31000000	100.4993
37000000	32000000	145.2744
37000000	33000000	199.0972
37000000	34000000	204.4954
37000000	35000000	232.2411
37000000	36000000	497.2242
37000000	37000000	2799.2227
37000000	38000000	655.1623
37000000	39000000	128.5667
37000000	40000000	170.0446
37000000	41000000	147.3718
37000000	42000000	117.9323
37000000	43000000	66.4294
37000000	44000000	75.7559
37000000	45000000	42.0442
38000000	1000000	24.9401
38000000	2000000	40.5721
38000000	3000000	49.2572
38000000	4000000	39.3351
38000000	5000000	50.7821
38000000	6000000	50.3157
38000000	7000000	41.2049
38000000	8000000	29.3777
38000000	9000000	32.1885
38000000	10000000	61.4777
38000000	11000000	44.2947
38000000	12000000	72.3592
38000000	13000000	26.4428
38000000	14000000	29.3354
38000000	15000000	57.0622
38000000	16000000	71.1467
38000000	17000000	113.5057
38000000	18000000	112.9101
38000000	19000000	91.1611
38000000	20000000	36.6936
38000000	21000000	69.2554
38000000	22000000	63.2825
38000000	23000000	84.4488
38000000	24000000	47.3327
38000000	25000000	55.7136
38000000	26000000	57.2149
38000000	27000000	65.6742
38000000	28000000	82.0695
38000000	29000000	48.8283
38000000	30000000	103.6331
38000000	31000000	77.1855
38000000	32000000	133.2598
38000000	33000000	163.2060
38000000	34000000	120.1172
38000000	35000000	73.5788
38000000	36000000	96.8127
38000000	37000000	655.1623
38000000	38000000	2777.0427
38000000	39000000	451.6126
38000000	40000000	286.6849
38000000	41000000	172.2035
38000000	42000000	111.5402
38000000	43000000	51.9447
38000000	44000000	60.2280
38000000	45000000	31.8281
39000000	1000000	20.1279
39000000	2000000	42.2148
39000000	3000000	48.9360
39000000	4000000	48.0417
39000000	5000000	47.8575
39000000	6000000	45.7002
39000000	7000000	42.9085
39000000	8000000	45.9409
39000000	9000000	46.2402
39000000	10000000	63.0715
39000000	11000000	60.7037
39000000	12000000	62.5024
39000000	13000000	48.8454
39000000	14000000	51.2957
39000000	15000000	71.5748
39000000	16000000	64.0361
39000000	17000000	56.9475
39000000	18000000	65.6958
39000000	19000000	78.5011
39000000	20000000	69.5962
39000000	21000000	77.2865
39000000	22000000	88.6592
39000000	23000000	92.2193
39000000	24000000	86.0239
39000000	25000000	94.3866
39000000	26000000	82.2305
39000000	27000000	92.3466
39000000	28000000	85.8578
39000000	29000000	89.2316
39000000	30000000	86.2556
39000000	31000000	95.7434
39000000	32000000	91.0731
39000000	33000000	93.7468
39000000	34000000	121.5235
39000000	35000000	149.7304
39000000	36000000	131.3153
39000000	37000000	128.5667
39000000	38000000	451.6126
39000000	39000000	2820.1489
39000000	40000000	766.9975
39000000	41000000	218.7628
39000000	42000000	186.4031
39000000	43000000	150.3127
39000000	44000000	163.5201
39000000	45000000	63.5709
40000000	1000000	21.9773
40000000	2000000	36.8199
40000000	3000000	43.9498
40000000	4000000	37.3274
40000000	5000000	46.9052
40000000	6000000	44.5799
40000000	7000000	37.5642
40000000	8000000	36.9036
40000000	9000000	39.8079
40000000	10000000	56.1578
40000000	11000000	45.1136
40000000	12000000	69.1589
40000000	13000000	40.7587
40000000	14000000	42.3011
40000000	15000000	59.0712
40000000	16000000	63.7375
40000000	17000000	72.9532
40000000	18000000	75.6026
40000000	19000000	87.3535
40000000	20000000	59.0753
40000000	21000000	72.4878
40000000	22000000	63.0771
40000000	23000000	87.6608
40000000	24000000	71.6835
40000000	25000000	79.2349
40000000	26000000	84.3085
40000000	27000000	77.6041
40000000	28000000	87.4640
40000000	29000000	73.6689
40000000	30000000	106.5993
40000000	31000000	99.1455
40000000	32000000	114.9431
40000000	33000000	119.3375
40000000	34000000	108.6164
40000000	35000000	102.8357
40000000	36000000	111.2466
40000000	37000000	170.0446
40000000	38000000	286.6849
40000000	39000000	766.9975
40000000	40000000	2632.4851
40000000	41000000	655.4155
40000000	42000000	256.5120
40000000	43000000	119.2760
40000000	44000000	139.6188
40000000	45000000	77.6620
41000000	1000000	19.7665
41000000	2000000	40.0495
41000000	3000000	38.1157
41000000	4000000	35.6003
41000000	5000000	36.8283
41000000	6000000	43.9128
41000000	7000000	44.2234
41000000	8000000	33.3568
41000000	9000000	33.9555
41000000	10000000	52.6331
41000000	11000000	51.9597
41000000	12000000	62.6311
41000000	13000000	40.7128
41000000	14000000	39.9786
41000000	15000000	54.6133
41000000	16000000	59.7587
41000000	17000000	67.3821
41000000	18000000	78.0230
41000000	19000000	80.6332
41000000	20000000	49.3503
41000000	21000000	70.2474
41000000	22000000	63.4278
41000000	23000000	81.4219
41000000	24000000	63.9918
41000000	25000000	73.1358
41000000	26000000	77.3464
41000000	27000000	71.0357
41000000	28000000	92.1696
41000000	29000000	68.1144
41000000	30000000	106.4231
41000000	31000000	102.5761
41000000	32000000	111.0675
41000000	33000000	124.7090
41000000	34000000	107.1800
41000000	35000000	101.5692
41000000	36000000	100.4926
41000000	37000000	147.3718
41000000	38000000	172.2035
41000000	39000000	218.7628
41000000	40000000	655.4155
41000000	41000000	2388.5866
41000000	42000000	779.1917
41000000	43000000	223.8096
41000000	44000000	177.0536
41000000	45000000	76.5783
42000000	1000000	27.1191
42000000	2000000	39.3476
42000000	3000000	44.0810
42000000	4000000	42.5910
42000000	5000000	45.1013
42000000	6000000	38.2570
42000000	7000000	46.6479
42000000	8000000	37.6368
42000000	9000000	37.3042
42000000	10000000	47.4584
42000000	11000000	52.8433
42000000	12000000	58.4506
42000000	13000000	46.6679
42000000	14000000	47.2776
42000000	15000000	59.7261
42000000	16000000	58.5659
42000000	17000000	54.3347
42000000	18000000	66.5517
42000000	19000000	83.0160
42000000	20000000	66.9996
42000000	21000000	74.0819
42000000	22000000	82.9651
42000000	23000000	87.0596
42000000	24000000	80.4145
42000000	25000000	87.3057
42000000	26000000	88.7278
42000000	27000000	83.6610
42000000	28000000	99.2552
42000000	29000000	85.9550
42000000	30000000	109.5037
42000000	31000000	110.9318
42000000	32000000	98.9565
42000000	33000000	120.8334
42000000	34000000	137.8746
42000000	35000000	146.2030
42000000	36000000	123.5052
42000000	37000000	117.9323
42000000	38000000	111.5402
42000000	39000000	186.4031
42000000	40000000	256.5120
42000000	41000000	779.1917
42000000	42000000	2794.9425
42000000	43000000	823.2921
42000000	44000000	328.3059
42000000	45000000	122.1358
43000000	1000000	18.1885
43000000	2000000	29.1547
43000000	3000000	31.1690
43000000	4000000	37.4632
43000000	5000000	35.6362
43000000	6000000	25.0129
43000000	7000000	35.6883
43000000	8000000	34.9625
43000000	9000000	33.9072
43000000	10000000	44.2735
43000000	11000000	45.7930
43000000	12000000	38.2073
43000000	13000000	34.5446
43000000	14000000	39.7921
43000000	15000000	51.5215
43000000	16000000	39.8427
43000000	17000000	32.4245
43000000	18000000	41.6021
43000000	19000000	47.3643
43000000	20000000	57.2949
43000000	21000000	52.1659
43000000	22000000	69.2358
43000000	23000000	62.2519
43000000	24000000	72.1073
43000000	25000000	81.4938
43000000	26000000	66.9750
43000000	27000000	64.4651
43000000	28000000	74.3928
43000000	29000000	75.5757
43000000	30000000	51.8736
43000000	31000000	80.9385
43000000	32000000	60.6718
43000000	33000000	70.9231
43000000	34000000	92.3990
43000000	35000000	123.7392
43000000	36000000	114.1009
43000000	37000000	66.4294
43000000	38000000	51.9447
43000000	39000000	150.3127
43000000	40000000	119.2760
43000000	41000000	223.8096
43000000	42000000	823.2921
43000000	43000000	1992.2850
43000000	44000000	792.0777
43000000	45000000	166.0819
44000000	1000000	19.2262
44000000	2000000	29.8381
44000000	3000000	40.4157
44000000	4000000	43.4611
44000000	5000000	32.4677
44000000	6000000	39.8724
44000000	7000000	36.9998
44000000	8000000	42.0338
44000000	9000000	46.5543
44000000	10000000	56.0713
44000000	11000000	55.0190
44000000	12000000	44.0501
44000000	13000000	41.0365
44000000	14000000	45.0845
44000000	15000000	53.1050
44000000	16000000	51.9873
44000000	17000000	39.6811
44000000	18000000	57.4210
44000000	19000000	56.8216
44000000	20000000	72.1268
44000000	21000000	68.7463
44000000	22000000	74.6724
44000000	23000000	77.0419
44000000	24000000	81.8001
44000000	25000000	83.9877
44000000	26000000	79.6578
44000000	27000000	73.0772
44000000	28000000	85.7597
44000000	29000000	83.8905
44000000	30000000	82.9531
44000000	31000000	86.9656
44000000	32000000	75.4778
44000000	33000000	96.6149
44000000	34000000	103.8885
44000000	35000000	139.3228
44000000	36000000	133.1685
44000000	37000000	75.7559
44000000	38000000	60.2280
44000000	39000000	163.5201
44000000	40000000	139.6188
44000000	41000000	177.0536
44000000	42000000	328.3059
44000000	43000000	792.0777
44000000	44000000	2619.3184
44000000	45000000	615.0867
45000000	1000000	12.7354
45000000	2000000	16.3414
45000000	3000000	22.0885
45000000	4000000	19.1495
45000000	5000000	18.3239
45000000	6000000	17.2202
45000000	7000000	14.8755
45000000	8000000	16.4772
45000000	9000000	21.6943
45000000	10000000	23.5801
45000000	11000000	26.5257
45000000	12000000	20.7416
45000000	13000000	20.5054
45000000	14000000	20.2632
45000000	15000000	24.1285
45000000	16000000	22.3029
45000000	17000000	19.8585
45000000	18000000	24.3339
45000000	19000000	27.9021
45000000	20000000	26.4229
45000000	21000000	29.5647
45000000	22000000	39.1157
45000000	23000000	34.4196
45000000	24000000	38.4187
45000000	25000000	41.2585
45000000	26000000	31.7431
45000000	27000000	32.1050
45000000	28000000	37.8950
45000000	29000000	37.1234
45000000	30000000	36.0937
45000000	31000000	33.6470
45000000	32000000	31.1058
45000000	33000000	37.9364
45000000	34000000	50.8702
45000000	35000000	72.5031
45000000	36000000	46.1228
45000000	37000000	42.0442
45000000	38000000	31.8281
45000000	39000000	63.5709
45000000	40000000	77.6620
45000000	41000000	76.5783
45000000	42000000	122.1358
45000000	43000000	166.0819
45000000	44000000	615.0867
45000000	45000000	851.0495
