1000000	1000000	1262.2138
1000000	2000000	589.2649
1000000	3000000	95.3755
1000000	4000000	114.9875
1000000	5000000	91.9665
1000000	6000000	73.7399
1000000	7000000	80.4080
1000000	8000000	105.5366
1000000	9000000	76.4289
1000000	10000000	67.3612
1000000	11000000	66.2338
1000000	12000000	30.7034
1000000	13000000	28.3065
1000000	14000000	19.6932
1000000	15000000	26.3338
1000000	16000000	28.3841
1000000	17000000	21.4813
1000000	18000000	33.1667
1000000	19000000	27.1426
1000000	20000000	25.1856
1000000	21000000	35.2973
1000000	22000000	28.3648
1000000	23000000	23.7192
1000000	24000000	24.1667
1000000	25000000	24.3166
1000000	26000000	23.7342
1000000	27000000	28.1652
1000000	28000000	13.9946
1000000	29000000	20.3438
1000000	30000000	19.1195
1000000	31000000	16.5722
1000000	32000000	23.1312
1000000	33000000	26.4356
1000000	34000000	22.0555
1000000	35000000	17.0699
1000000	36000000	19.1574
1000000	37000000	16.0285
1000000	38000000	18.5882
1000000	39000000	17.3189
1000000	40000000	20.3543
1000000	41000000	21.5292
1000000	42000000	17.6201
1000000	43000000	13.9227
1000000	44000000	18.0438
1000000	45000000	19.2599
1000000	46000000	15.2927
1000000	47000000	9.9547
2000000	1000000	589.2649
2000000	2000000	2849.4998
2000000	3000000	533.5156
2000000	4000000	293.3813
2000000	5000000	192.0511
2000000	6000000	151.6611
2000000	7000000	173.7472
2000000	8000000	155.8165
2000000	9000000	102.3130
2000000	10000000	113.9869
2000000	11000000	102.9502
2000000	12000000	72.6893
2000000	13000000	69.3281
2000000	14000000	53.3677
2000000	15000000	70.3987
2000000	16000000	51.5335
2000000	17000000	49.1199
2000000	18000000	44.0073
2000000	19000000	53.6224
2000000	20000000	41.0394
2000000	21000000	63.6206
2000000	22000000	56.8625
2000000	23000000	49.0931
2000000	24000000	51.8471
2000000	25000000	43.6205
2000000	26000000	42.3343
2000000	27000000	41.0447
2000000	28000000	33.6033
2000000	29000000	29.6251
2000000	30000000	32.5913
2000000	31000000	33.7436
2000000	32000000	38.3947
2000000	33000000	47.2985
2000000	34000000	31.3379
2000000	35000000	32.5815
2000000	36000000	30.0458
2000000	37000000	32.6468
2000000	38000000	25.1008
2000000	39000000	29.1300
2000000	40000000	35.0107
2000000	41000000	30.7025
2000000	42000000	32.2308
2000000	43000000	31.3897
2000000	44000000	24.4004
2000000	45000000	33.3270
2000000	46000000	25.3484
2000000	47000000	21.7144
3000000	1000000	95.3755
3000000	2000000	533.5156
3000000	3000000	1592.7267
3000000	4000000	818.1420
3000000	5000000	204.1394
3000000	6000000	194.8708
3000000	7000000	148.3178
3000000	8000000	81.9516
3000000	9000000	50.3759
3000000	10000000	52.5938
3000000	11000000	54.8523
3000000	12000000	68.6481
3000000	13000000	77.3554
3000000	14000000	58.7154
3000000	15000000	74.2522
3000000	16000000	53.4327
3000000	17000000	52.0668
3000000	18000000	35.6311
3000000	19000000	25.9413
3000000	20000000	22.1757
3000000	21000000	39.4697
3000000	22000000	47.1836
3000000	23000000	33.8131
3000000	24000000	48.6201
3000000	25000000	27.9052
3000000	26000000	31.1812
3000000	27000000	21.2473
3000000	28000000	27.6136
3000000	29000000	24.5445
3000000	30000000	21.2165
3000000	31000000	19.4576
3000000	32000000	22.7489
3000000	33000000	37.5968
3000000	34000000	24.6619
3000000	35000000	27.5870
3000000	36000000	18.5602
3000000	37000000	22.2706
3000000	38000000	16.6150
3000000	39000000	27.7261
3000000	40000000	31.6433
3000000	41000000	21.0126
3000000	42000000	31.9134
3000000	43000000	31.5444
3000000	44000000	23.7492
3000000	45000000	23.1488
3000000	46000000	18.4974
3000000	47000000	12.4859
4000000	1000000	114.9875
4000000	2000000	293.3813
4000000	3000000	818.1420
4000000	4000000	2494.0906
4000000	5000000	944.9415
4000000	6000000	378.2504
4000000	7000000	223.6212
4000000	8000000	135.2616
4000000	9000000	95.2277
4000000	10000000	97.8259
4000000	11000000	106.0520
4000000	12000000	68.2945
4000000	13000000	72.9040
4000000	14000000	57.3516
4000000	15000000	77.4940
4000000	16000000	52.0162
4000000	17000000	48.6099
4000000	18000000	65.9213
4000000	19000000	57.4045
4000000	20000000	44.2327
4000000	21000000	58.3177
4000000	22000000	66.9882
4000000	23000000	43.2896
4000000	24000000	55.6472
4000000	25000000	45.7952
4000000	26000000	48.0935
4000000	27000000	47.0563
4000000	28000000	33.8331
4000000	29000000	32.9157
4000000	30000000	41.8589
4000000	31000000	31.0911
4000000	32000000	42.5978
4000000	33000000	48.9586
4000000	34000000	38.7336
4000000	35000000	43.6624
4000000	36000000	32.9566
4000000	37000000	32.2478
4000000	38000000	31.2805
4000000	39000000	36.2116
4000000	40000000	34.8262
4000000	41000000	29.6396
4000000	42000000	34.4895
4000000	43000000	30.3046
4000000	44000000	30.3951
4000000	45000000	28.7562
4000000	46000000	30.5950
4000000	47000000	31.0073
5000000	1000000	91.9665
5000000	2000000	192.0511
5000000	3000000	204.1394
5000000	4000000	944.9415
5000000	5000000	2775.6944
5000000	6000000	737.6586
5000000	7000000	207.9703
5000000	8000000	131.1248
5000000	9000000	99.5157
5000000	10000000	99.8330
5000000	11000000	100.2624
5000000	12000000	49.3285
5000000	13000000	56.0954
5000000	14000000	44.9806
5000000	15000000	68.4854
5000000	16000000	53.4030
5000000	17000000	43.8073
5000000	18000000	52.1101
5000000	19000000	60.2230
5000000	20000000	46.0834
5000000	21000000	50.0538
5000000	22000000	58.3652
5000000	23000000	40.6160
5000000	24000000	44.3562
5000000	25000000	41.4645
5000000	26000000	48.0784
5000000	27000000	50.0390
5000000	28000000	30.1573
5000000	29000000	38.4274
5000000	30000000	34.8927
5000000	31000000	29.6447
5000000	32000000	37.5266
5000000	33000000	46.7629
5000000	34000000	38.4532
5000000	35000000	38.9665
5000000	36000000	32.8444
5000000	37000000	35.4366
5000000	38000000	28.7566
5000000	39000000	35.8655
5000000	40000000	34.9260
5000000	41000000	38.0389
5000000	42000000	31.7577
5000000	43000000	33.8954
5000000	44000000	33.8013
5000000	45000000	28.2482
5000000	46000000	24.4028
5000000	47000000	24.4230
6000000	1000000	73.7399
6000000	2000000	151.6611
6000000	3000000	194.8708
6000000	4000000	378.2504
6000000	5000000	737.6586
6000000	6000000	2294.5996
6000000	7000000	612.1801
6000000	8000000	143.9599
6000000	9000000	105.1162
6000000	10000000	94.3294
6000000	11000000	100.8220
6000000	12000000	84.6986
6000000	13000000	90.8470
6000000	14000000	57.1358
6000000	15000000	60.7419
6000000	16000000	54.6544
6000000	17000000	64.3994
6000000	18000000	55.2458
6000000	19000000	42.6833
6000000	20000000	40.4832
6000000	21000000	54.3965
6000000	22000000	53.2604
6000000	23000000	56.3970
6000000	24000000	48.3949
6000000	25000000	41.2128
6000000	26000000	41.9561
6000000	27000000	36.7738
6000000	28000000	37.1736
6000000	29000000	27.2696
6000000	30000000	25.5790
6000000	31000000	25.0966
6000000	32000000	38.5070
6000000	33000000	40.8244
6000000	34000000	25.6175
6000000	35000000	31.9801
6000000	36000000	28.5067
6000000	37000000	29.0996
6000000	38000000	24.5345
6000000	39000000	21.8572
6000000	40000000	27.2544
6000000	41000000	25.0576
6000000	42000000	26.6996
6000000	43000000	30.8095
6000000	44000000	29.8730
6000000	45000000	21.5570
6000000	46000000	20.8847
6000000	47000000	21.2337
7000000	1000000	80.4080
7000000	2000000	173.7472
7000000	3000000	148.3178
7000000	4000000	223.6212
7000000	5000000	207.9703
7000000	6000000	612.1801
7000000	7000000	2811.1659
7000000	8000000	743.1815
7000000	9000000	173.6610
7000000	10000000	158.4085
7000000	11000000	145.0757
7000000	12000000	112.4616
7000000	13000000	95.4696
7000000	14000000	61.1690
7000000	15000000	75.7404
7000000	16000000	85.6694
7000000	17000000	81.9804
7000000	18000000	76.8812
7000000	19000000	59.8124
7000000	20000000	45.7277
7000000	21000000	73.2166
7000000	22000000	72.3834
7000000	23000000	61.7240
7000000	24000000	58.1506
7000000	25000000	49.5173
7000000	26000000	45.4663
7000000	27000000	55.2507
7000000	28000000	40.4901
7000000	29000000	35.7777
7000000	30000000	32.9286
7000000	31000000	34.4080
7000000	32000000	39.6424
7000000	33000000	53.9151
7000000	34000000	44.9539
7000000	35000000	42.7867
7000000	36000000	39.6568
7000000	37000000	34.3695
7000000	38000000	32.4054
7000000	39000000	35.9914
7000000	40000000	41.3417
7000000	41000000	35.8628
7000000	42000000	39.1274
7000000	43000000	38.0426
7000000	44000000	34.7172
7000000	45000000	28.1931
7000000	46000000	28.1733
7000000	47000000	25.0429
8000000	1000000	105.5366
8000000	2000000	155.8165
8000000	3000000	81.9516
8000000	4000000	135.2616
8000000	5000000	131.1248
8000000	6000000	143.9599
8000000	7000000	743.1815
8000000	8000000	3496.7259
8000000	9000000	772.0710
8000000	10000000	371.6238
8000000	11000000	245.6852
8000000	12000000	90.0566
8000000	13000000	64.9885
8000000	14000000	41.8076
8000000	15000000	75.3549
8000000	16000000	57.6141
8000000	17000000	58.3207
8000000	18000000	89.7623
8000000	19000000	102.0269
8000000	20000000	80.7625
8000000	21000000	84.7123
8000000	22000000	71.4443
8000000	23000000	46.0791
8000000	24000000	60.5109
8000000	25000000	59.5130
8000000	26000000	73.1045
8000000	27000000	66.8924
8000000	28000000	50.2356
8000000	29000000	48.5580
8000000	30000000	48.3746
8000000	31000000	39.9478
8000000	32000000	54.4001
8000000	33000000	67.1061
8000000	34000000	50.6252
8000000	35000000	50.7679
8000000	36000000	44.6041
8000000	37000000	49.7585
8000000	38000000	44.2182
8000000	39000000	49.1562
8000000	40000000	50.3202
8000000	41000000	34.7664
8000000	42000000	37.3384
8000000	43000000	33.6776
8000000	44000000	41.5391
8000000	45000000	36.6512
8000000	46000000	35.6763
8000000	47000000	27.7958
9000000	1000000	76.4289
9000000	2000000	102.3130
9000000	3000000	50.3759
9000000	4000000	95.2277
9000000	5000000	99.5157
9000000	6000000	105.1162
9000000	7000000	173.6610
9000000	8000000	772.0710
9000000	9000000	3479.0091
9000000	10000000	966.9908
9000000	11000000	235.6867
9000000	12000000	52.6473
9000000	13000000	46.5220
9000000	14000000	33.9376
9000000	15000000	50.1098
9000000	16000000	46.4377
9000000	17000000	30.6234
9000000	18000000	84.6200
9000000	19000000	131.4477
9000000	20000000	77.4774
9000000	21000000	83.3615
9000000	22000000	56.1138
9000000	23000000	29.3975
9000000	24000000	45.4279
9000000	25000000	62.9770
9000000	26000000	56.9381
9000000	27000000	77.3612
9000000	28000000	42.0820
9000000	29000000	47.2899
9000000	30000000	55.4207
9000000	31000000	40.1315
9000000	32000000	57.3602
9000000	33000000	45.3618
9000000	34000000	55.0311
9000000	35000000	45.0725
9000000	36000000	50.6247
9000000	37000000	33.6848
9000000	38000000	42.9618
9000000	39000000	39.1658
9000000	40000000	43.4557
9000000	41000000	37.0298
9000000	42000000	34.7337
9000000	43000000	30.5061
9000000	44000000	32.2940
9000000	45000000	35.7550
9000000	46000000	29.8342
9000000	47000000	26.3648
10000000	1000000	67.3612
10000000	2000000	113.9869
10000000	3000000	52.5938
10000000	4000000	97.8259
10000000	5000000	99.8330
10000000	6000000	94.3294
10000000	7000000	158.4085
10000000	8000000	371.6238
10000000	9000000	966.9908
10000000	10000000	2621.2039
10000000	11000000	635.4519
10000000	12000000	80.9016
10000000	13000000	47.2995
10000000	14000000	33.7869
10000000	15000000	54.2703
10000000	16000000	50.0336
10000000	17000000	45.2984
10000000	18000000	88.7482
10000000	19000000	100.0889
10000000	20000000	68.9682
10000000	21000000	81.2972
10000000	22000000	60.9485
10000000	23000000	35.1153
10000000	24000000	51.4919
10000000	25000000	53.8830
10000000	26000000	63.7241
10000000	27000000	73.6536
10000000	28000000	45.2945
10000000	29000000	45.8480
10000000	30000000	42.0120
10000000	31000000	46.2266
10000000	32000000	50.5355
10000000	33000000	44.0458
10000000	34000000	53.4367
10000000	35000000	44.6848
10000000	36000000	39.1091
10000000	37000000	36.0127
10000000	38000000	33.3915
10000000	39000000	36.4295
10000000	40000000	37.9090
10000000	41000000	34.4845
10000000	42000000	27.9828
10000000	43000000	29.3433
10000000	44000000	34.9969
10000000	45000000	29.8604
10000000	46000000	31.0447
10000000	47000000	30.0326
11000000	1000000	66.2338
11000000	2000000	102.9502
11000000	3000000	54.8523
11000000	4000000	106.0520
11000000	5000000	100.2624
11000000	6000000	100.8220
11000000	7000000	145.0757
11000000	8000000	245.6852
11000000	9000000	235.6867
11000000	10000000	635.4519
11000000	11000000	2932.2213
11000000	12000000	300.4472
11000000	13000000	73.7309
11000000	14000000	48.1158
11000000	15000000	63.6443
11000000	16000000	62.4683
11000000	17000000	67.7297
11000000	18000000	115.9997
11000000	19000000	97.5499
11000000	20000000	70.3270
11000000	21000000	77.8276
11000000	22000000	65.3815
11000000	23000000	52.5549
11000000	24000000	56.9377
11000000	25000000	61.2788
11000000	26000000	77.1582
11000000	27000000	68.9783
11000000	28000000	62.6047
11000000	29000000	49.9226
11000000	30000000	46.6921
11000000	31000000	43.1352
11000000	32000000	57.6573
11000000	33000000	58.7448
11000000	34000000	42.5546
11000000	35000000	48.5052
11000000	36000000	33.6970
11000000	37000000	34.6363
11000000	38000000	34.4349
11000000	39000000	34.5246
11000000	40000000	42.9730
11000000	41000000	43.2733
11000000	42000000	36.8829
11000000	43000000	29.3037
11000000	44000000	36.8152
11000000	45000000	26.0541
11000000	46000000	34.4180
11000000	47000000	28.0804
12000000	1000000	30.7034
12000000	2000000	72.6893
12000000	3000000	68.6481
12000000	4000000	68.2945
12000000	5000000	49.3285
12000000	6000000	84.6986
12000000	7000000	112.4616
12000000	8000000	90.0566
12000000	9000000	52.6473
12000000	10000000	80.9016
12000000	11000000	300.4472
12000000	12000000	2613.1971
12000000	13000000	465.8176
12000000	14000000	136.3936
12000000	15000000	114.4735
12000000	16000000	132.2603
12000000	17000000	178.1116
12000000	18000000	73.9024
12000000	19000000	36.2135
12000000	20000000	26.9989
12000000	21000000	45.0155
12000000	22000000	61.6697
12000000	23000000	107.8475
12000000	24000000	50.7608
12000000	25000000	25.0348
12000000	26000000	30.8616
12000000	27000000	25.7418
12000000	28000000	51.8325
12000000	29000000	21.6961
12000000	30000000	21.3563
12000000	31000000	23.1290
12000000	32000000	29.7272
12000000	33000000	45.8305
12000000	34000000	26.7018
12000000	35000000	31.9394
12000000	36000000	29.5903
12000000	37000000	31.1148
12000000	38000000	16.7355
12000000	39000000	25.9763
12000000	40000000	35.0746
12000000	41000000	20.4817
12000000	42000000	41.6456
12000000	43000000	38.5949
12000000	44000000	27.5952
12000000	45000000	19.4970
12000000	46000000	20.4847
12000000	47000000	17.3828
13000000	1000000	28.3065
13000000	2000000	69.3281
13000000	3000000	77.3554
13000000	4000000	72.9040
13000000	5000000	56.0954
13000000	6000000	90.8470
13000000	7000000	95.4696
13000000	8000000	64.9885
13000000	9000000	46.5220
13000000	10000000	47.2995
13000000	11000000	73.7309
13000000	12000000	465.8176
13000000	13000000	3213.9396
13000000	14000000	549.2552
13000000	15000000	203.9759
13000000	16000000	169.2216
13000000	17000000	195.3398
13000000	18000000	53.6347
13000000	19000000	37.9683
13000000	20000000	24.5288
13000000	21000000	41.6592
13000000	22000000	51.9872
13000000	23000000	95.8611
13000000	24000000	46.6683
13000000	25000000	24.6253
13000000	26000000	28.6945
13000000	27000000	30.8125
13000000	28000000	41.6611
13000000	29000000	19.2705
13000000	30000000	21.6882
13000000	31000000	23.4055
13000000	32000000	33.2440
13000000	33000000	45.2984
13000000	34000000	30.9522
13000000	35000000	31.3176
13000000	36000000	31.4283
13000000	37000000	31.6560
13000000	38000000	21.3012
13000000	39000000	31.3954
13000000	40000000	33.6494
13000000	41000000	27.8782
13000000	42000000	49.6475
13000000	43000000	45.5870
13000000	44000000	34.5430
13000000	45000000	20.8906
13000000	46000000	18.7431
13000000	47000000	15.5565
14000000	1000000	19.6932
14000000	2000000	53.3677
14000000	3000000	58.7154
14000000	4000000	57.3516
14000000	5000000	44.9806
14000000	6000000	57.1358
14000000	7000000	61.1690
14000000	8000000	41.8076
14000000	9000000	33.9376
14000000	10000000	33.7869
14000000	11000000	48.1158
14000000	12000000	136.3936
14000000	13000000	549.2552
14000000	14000000	3483.6721
14000000	15000000	713.8884
14000000	16000000	204.3037
14000000	17000000	134.0971
14000000	18000000	41.5578
14000000	19000000	29.9236
14000000	20000000	16.9895
14000000	21000000	31.2974
14000000	22000000	50.6717
14000000	23000000	102.6669
14000000	24000000	48.4125
14000000	25000000	21.9915
14000000	26000000	27.6174
14000000	27000000	27.1298
14000000	28000000	35.9737
14000000	29000000	21.0490
14000000	30000000	18.4211
14000000	31000000	23.3585
14000000	32000000	23.7606
14000000	33000000	49.3389
14000000	34000000	26.2773
14000000	35000000	28.0232
14000000	36000000	26.5769
14000000	37000000	31.9851
14000000	38000000	21.2249
14000000	39000000	23.1796
14000000	40000000	39.0626
14000000	41000000	23.8695
14000000	42000000	45.5778
14000000	43000000	45.1579
14000000	44000000	28.1752
14000000	45000000	18.7174
14000000	46000000	15.0048
14000000	47000000	16.8533
15000000	1000000	26.3338
15000000	2000000	70.3987
15000000	3000000	74.2522
15000000	4000000	77.4940
15000000	5000000	68.4854
15000000	6000000	60.7419
15000000	7000000	75.7404
15000000	8000000	75.3549
15000000	9000000	50.1098
15000000	10000000	54.2703
15000000	11000000	63.6443
15000000	12000000	114.4735
15000000	13000000	203.9759
15000000	14000000	713.8884
15000000	15000000	4268.1989
15000000	16000000	744.4148
15000000	17000000	136.9004
15000000	18000000	55.2317
15000000	19000000	41.2934
15000000	20000000	32.9392
15000000	21000000	51.8077
15000000	22000000	71.3961
15000000	23000000	107.4802
15000000	24000000	57.5146
15000000	25000000	37.0464
15000000	26000000	44.0081
15000000	27000000	47.1656
15000000	28000000	46.2442
15000000	29000000	28.7871
15000000	30000000	28.3319
15000000	31000000	32.7546
15000000	32000000	47.9241
15000000	33000000	55.5525
15000000	34000000	41.8801
15000000	35000000	45.3818
15000000	36000000	39.6573
15000000	37000000	41.9794
15000000	38000000	29.9763
15000000	39000000	40.3412
15000000	40000000	53.6629
15000000	41000000	37.6021
15000000	42000000	73.0463
15000000	43000000	63.7139
15000000	44000000	41.3203
15000000	45000000	34.4920
15000000	46000000	30.0018
15000000	47000000	22.6875
16000000	1000000	28.3841
16000000	2000000	51.5335
16000000	3000000	53.4327
16000000	4000000	52.0162
16000000	5000000	53.4030
16000000	6000000	54.6544
16000000	7000000	85.6694
16000000	8000000	57.6141
16000000	9000000	46.4377
16000000	10000000	50.0336
16000000	11000000	62.4683
16000000	12000000	132.2603
16000000	13000000	169.2216
16000000	14000000	204.3037
16000000	15000000	744.4148
16000000	16000000	3705.2832
16000000	17000000	501.0375
16000000	18000000	73.2136
16000000	19000000	42.7759
16000000	20000000	37.6177
16000000	21000000	47.4749
16000000	22000000	65.5459
16000000	23000000	115.5566
16000000	24000000	56.2503
16000000	25000000	39.3312
16000000	26000000	35.8469
16000000	27000000	35.5789
16000000	28000000	45.7470
16000000	29000000	27.0263
16000000	30000000	25.4627
16000000	31000000	29.3128
16000000	32000000	32.9432
16000000	33000000	55.1260
16000000	34000000	32.0959
16000000	35000000	42.6963
16000000	36000000	32.1279
16000000	37000000	38.5049
16000000	38000000	23.8314
16000000	39000000	34.1709
16000000	40000000	38.5136
16000000	41000000	31.0598
16000000	42000000	55.5581
16000000	43000000	54.6162
16000000	44000000	38.9295
16000000	45000000	27.3476
16000000	46000000	27.8252
16000000	47000000	18.3618
17000000	1000000	21.4813
17000000	2000000	49.1199
17000000	3000000	52.0668
17000000	4000000	48.6099
17000000	5000000	43.8073
17000000	6000000	64.3994
17000000	7000000	81.9804
17000000	8000000	58.3207
17000000	9000000	30.6234
17000000	10000000	45.2984
17000000	11000000	67.7297
17000000	12000000	178.1116
17000000	13000000	195.3398
17000000	14000000	134.0971
17000000	15000000	136.9004
17000000	16000000	501.0375
17000000	17000000	3080.6397
17000000	18000000	382.3839
17000000	19000000	59.2300
17000000	20000000	38.7075
17000000	21000000	64.3458
17000000	22000000	109.1959
17000000	23000000	191.3457
17000000	24000000	70.3220
17000000	25000000	34.1152
17000000	26000000	40.1333
17000000	27000000	36.4693
17000000	28000000	100.1147
17000000	29000000	22.7987
17000000	30000000	19.4328
17000000	31000000	29.5111
17000000	32000000	46.3914
17000000	33000000	76.3562
17000000	34000000	38.9398
17000000	35000000	46.8475
17000000	36000000	37.5666
17000000	37000000	41.7822
17000000	38000000	22.9754
17000000	39000000	31.7478
17000000	40000000	50.9930
17000000	41000000	30.9336
17000000	42000000	75.1522
17000000	43000000	57.2242
17000000	44000000	38.0084
17000000	45000000	22.4575
17000000	46000000	15.4698
17000000	47000000	15.6826
18000000	1000000	33.1667
18000000	2000000	44.0073
18000000	3000000	35.6311
18000000	4000000	65.9213
18000000	5000000	52.1101
18000000	6000000	55.2458
18000000	7000000	76.8812
18000000	8000000	89.7623
18000000	9000000	84.6200
18000000	10000000	88.7482
18000000	11000000	115.9997
18000000	12000000	73.9024
18000000	13000000	53.6347
18000000	14000000	41.5578
18000000	15000000	55.2317
18000000	16000000	73.2136
18000000	17000000	382.3839
18000000	18000000	2657.7139
18000000	19000000	800.7698
18000000	20000000	186.1573
18000000	21000000	194.5353
18000000	22000000	163.8489
18000000	23000000	91.9838
18000000	24000000	102.2597
18000000	25000000	91.8751
18000000	26000000	108.0954
18000000	27000000	121.6663
18000000	28000000	133.6720
18000000	29000000	70.3078
18000000	30000000	81.9398
18000000	31000000	71.4079
18000000	32000000	83.9953
18000000	33000000	108.8599
18000000	34000000	82.7462
18000000	35000000	100.5762
18000000	36000000	67.9262
18000000	37000000	71.5964
18000000	38000000	44.4403
18000000	39000000	66.4771
18000000	40000000	79.9185
18000000	41000000	53.8617
18000000	42000000	58.1058
18000000	43000000	45.5641
18000000	44000000	50.1777
18000000	45000000	46.5943
18000000	46000000	43.7205
18000000	47000000	34.4863
19000000	1000000	27.1426
19000000	2000000	53.6224
19000000	3000000	25.9413
19000000	4000000	57.4045
19000000	5000000	60.2230
19000000	6000000	42.6833
19000000	7000000	59.8124
19000000	8000000	102.0269
19000000	9000000	131.4477
19000000	10000000	100.0889
19000000	11000000	97.5499
19000000	12000000	36.2135
19000000	13000000	37.9683
19000000	14000000	29.9236
19000000	15000000	41.2934
19000000	16000000	42.7759
19000000	17000000	59.2300
19000000	18000000	800.7698
19000000	19000000	3085.8718
19000000	20000000	703.6560
19000000	21000000	330.0001
19000000	22000000	130.6460
19000000	23000000	42.6515
19000000	24000000	91.9356
19000000	25000000	114.7000
19000000	26000000	154.3362
19000000	27000000	175.9312
19000000	28000000	94.3447
19000000	29000000	131.2391
19000000	30000000	98.5774
19000000	31000000	89.4914
19000000	32000000	112.9105
19000000	33000000	94.9047
19000000	34000000	100.8739
19000000	35000000	91.3136
19000000	36000000	82.0722
19000000	37000000	72.7995
19000000	38000000	78.5604
19000000	39000000	72.0500
19000000	40000000	77.2524
19000000	41000000	84.0927
19000000	42000000	36.7470
19000000	43000000	45.9153
19000000	44000000	52.4135
19000000	45000000	60.6715
19000000	46000000	62.1521
19000000	47000000	55.2608
20000000	1000000	25.1856
20000000	2000000	41.0394
20000000	3000000	22.1757
20000000	4000000	44.2327
20000000	5000000	46.0834
20000000	6000000	40.4832
20000000	7000000	45.7277
20000000	8000000	80.7625
20000000	9000000	77.4774
20000000	10000000	68.9682
20000000	11000000	70.3270
20000000	12000000	26.9989
20000000	13000000	24.5288
20000000	14000000	16.9895
20000000	15000000	32.9392
20000000	16000000	37.6177
20000000	17000000	38.7075
20000000	18000000	186.1573
20000000	19000000	703.6560
20000000	20000000	1915.3830
20000000	21000000	757.2157
20000000	22000000	133.1016
20000000	23000000	37.8337
20000000	24000000	77.4641
20000000	25000000	84.5902
20000000	26000000	99.4428
20000000	27000000	107.3856
20000000	28000000	69.4598
20000000	29000000	73.4110
20000000	30000000	73.2831
20000000	31000000	71.3600
20000000	32000000	81.3604
20000000	33000000	70.4001
20000000	34000000	69.7433
20000000	35000000	73.4607
20000000	36000000	61.9967
20000000	37000000	58.3841
20000000	38000000	54.3658
20000000	39000000	54.3390
20000000	40000000	58.0650
20000000	41000000	56.8023
20000000	42000000	35.8580
20000000	43000000	36.3641
20000000	44000000	39.7092
20000000	45000000	47.6732
20000000	46000000	36.9790
20000000	47000000	34.0663
21000000	1000000	35.2973
21000000	2000000	63.6206
21000000	3000000	39.4697
21000000	4000000	58.3177
21000000	5000000	50.0538
21000000	6000000	54.3965
21000000	7000000	73.2166
21000000	8000000	84.7123
21000000	9000000	83.3615
21000000	10000000	81.2972
21000000	11000000	77.8276
21000000	12000000	45.0155
21000000	13000000	41.6592
21000000	14000000	31.2974
21000000	15000000	51.8077
21000000	16000000	47.4749
21000000	17000000	64.3458
21000000	18000000	194.5353
21000000	19000000	330.0001
21000000	20000000	757.2157
21000000	21000000	2341.4699
21000000	22000000	580.0739
21000000	23000000	110.7744
21000000	24000000	134.9375
21000000	25000000	120.2286
21000000	26000000	121.5919
21000000	27000000	132.9362
21000000	28000000	105.1431
21000000	29000000	89.5427
21000000	30000000	81.6299
21000000	31000000	87.6930
21000000	32000000	105.0286
21000000	33000000	103.6031
21000000	34000000	93.6800
21000000	35000000	95.7343
21000000	36000000	87.8807
21000000	37000000	73.0149
21000000	38000000	66.0582
21000000	39000000	72.9126
21000000	40000000	85.4513
21000000	41000000	75.8899
21000000	42000000	58.8240
21000000	43000000	54.3081
21000000	44000000	62.7905
21000000	45000000	53.8662
21000000	46000000	46.4957
21000000	47000000	42.4458
22000000	1000000	28.3648
22000000	2000000	56.8625
22000000	3000000	47.1836
22000000	4000000	66.9882
22000000	5000000	58.3652
22000000	6000000	53.2604
22000000	7000000	72.3834
22000000	8000000	71.4443
22000000	9000000	56.1138
22000000	10000000	60.9485
22000000	11000000	65.3815
22000000	12000000	61.6697
22000000	13000000	51.9872
22000000	14000000	50.6717
22000000	15000000	71.3961
22000000	16000000	65.5459
22000000	17000000	109.1959
22000000	18000000	163.8489
22000000	19000000	130.6460
22000000	20000000	133.1016
22000000	21000000	580.0739
22000000	22000000	2676.8329
22000000	23000000	505.3977
22000000	24000000	181.7901
22000000	25000000	110.7555
22000000	26000000	98.4892
22000000	27000000	99.7352
22000000	28000000	110.5951
22000000	29000000	60.7993
22000000	30000000	63.7113
22000000	31000000	74.2570
22000000	32000000	93.6018
22000000	33000000	125.6788
22000000	34000000	83.8910
22000000	35000000	89.7961
22000000	36000000	76.3675
22000000	37000000	84.2168
22000000	38000000	45.2879
22000000	39000000	71.8543
22000000	40000000	76.3896
22000000	41000000	60.5117
22000000	42000000	80.8785
22000000	43000000	74.4616
22000000	44000000	62.8072
22000000	45000000	46.1044
22000000	46000000	41.3285
22000000	47000000	40.3183
23000000	1000000	23.7192
23000000	2000000	49.0931
23000000	3000000	33.8131
23000000	4000000	43.2896
23000000	5000000	40.6160
23000000	6000000	56.3970
23000000	7000000	61.7240
23000000	8000000	46.0791
23000000	9000000	29.3975
23000000	10000000	35.1153
23000000	11000000	52.5549
23000000	12000000	107.8475
23000000	13000000	95.8611
23000000	14000000	102.6669
23000000	15000000	107.4802
23000000	16000000	115.5566
23000000	17000000	191.3457
23000000	18000000	91.9838
23000000	19000000	42.6515
23000000	20000000	37.8337
23000000	21000000	110.7744
23000000	22000000	505.3977
23000000	23000000	3457.8032
23000000	24000000	448.9519
23000000	25000000	69.3522
23000000	26000000	65.0334
23000000	27000000	56.0480
23000000	28000000	133.8135
23000000	29000000	26.9061
23000000	30000000	28.8047
23000000	31000000	34.5513
23000000	32000000	55.0206
23000000	33000000	121.4746
23000000	34000000	52.1418
23000000	35000000	80.0436
23000000	36000000	50.6611
23000000	37000000	67.7074
23000000	38000000	25.4565
23000000	39000000	42.9378
23000000	40000000	86.5207
23000000	41000000	40.0861
23000000	42000000	111.9492
23000000	43000000	109.2291
23000000	44000000	54.8163
23000000	45000000	27.4064
23000000	46000000	24.9707
23000000	47000000	25.9118
24000000	1000000	24.1667
24000000	2000000	51.8471
24000000	3000000	48.6201
24000000	4000000	55.6472
24000000	5000000	44.3562
24000000	6000000	48.3949
24000000	7000000	58.1506
24000000	8000000	60.5109
24000000	9000000	45.4279
24000000	10000000	51.4919
24000000	11000000	56.9377
24000000	12000000	50.7608
24000000	13000000	46.6683
24000000	14000000	48.4125
24000000	15000000	57.5146
24000000	16000000	56.2503
24000000	17000000	70.3220
24000000	18000000	102.2597
24000000	19000000	91.9356
24000000	20000000	77.4641
24000000	21000000	134.9375
24000000	22000000	181.7901
24000000	23000000	448.9519
24000000	24000000	2288.0029
24000000	25000000	491.0158
24000000	26000000	225.9198
24000000	27000000	158.0595
24000000	28000000	126.4213
24000000	29000000	71.3985
24000000	30000000	76.8486
24000000	31000000	74.9992
24000000	32000000	113.2544
24000000	33000000	159.0636
24000000	34000000	116.5836
24000000	35000000	114.1046
24000000	36000000	111.9290
24000000	37000000	100.4209
24000000	38000000	55.3105
24000000	39000000	79.4585
24000000	40000000	116.4681
24000000	41000000	78.4514
24000000	42000000	100.2324
24000000	43000000	99.7825
24000000	44000000	77.3482
24000000	45000000	54.1062
24000000	46000000	51.9935
24000000	47000000	43.5740
25000000	1000000	24.3166
25000000	2000000	43.6205
25000000	3000000	27.9052
25000000	4000000	45.7952
25000000	5000000	41.4645
25000000	6000000	41.2128
25000000	7000000	49.5173
25000000	8000000	59.5130
25000000	9000000	62.9770
25000000	10000000	53.8830
25000000	11000000	61.2788
25000000	12000000	25.0348
25000000	13000000	24.6253
25000000	14000000	21.9915
25000000	15000000	37.0464
25000000	16000000	39.3312
25000000	17000000	34.1152
25000000	18000000	91.8751
25000000	19000000	114.7000
25000000	20000000	84.5902
25000000	21000000	120.2286
25000000	22000000	110.7555
25000000	23000000	69.3522
25000000	24000000	491.0158
25000000	25000000	2146.2787
25000000	26000000	753.6535
25000000	27000000	242.9293
25000000	28000000	111.5947
25000000	29000000	105.8910
25000000	30000000	102.0199
25000000	31000000	94.9152
25000000	32000000	106.9062
25000000	33000000	114.6975
25000000	34000000	112.4504
25000000	35000000	105.2864
25000000	36000000	111.3765
25000000	37000000	89.3540
25000000	38000000	79.9418
25000000	39000000	94.0584
25000000	40000000	94.8568
25000000	41000000	94.4360
25000000	42000000	60.2304
25000000	43000000	49.3054
25000000	44000000	62.8461
25000000	45000000	65.4141
25000000	46000000	71.0991
25000000	47000000	58.9272
26000000	1000000	23.7342
26000000	2000000	42.3343
26000000	3000000	31.1812
26000000	4000000	48.0935
26000000	5000000	48.0784
26000000	6000000	41.9561
26000000	7000000	45.4663
26000000	8000000	73.1045
26000000	9000000	56.9381
26000000	10000000	63.7241
26000000	11000000	77.1582
26000000	12000000	30.8616
26000000	13000000	28.6945
26000000	14000000	27.6174
26000000	15000000	44.0081
26000000	16000000	35.8469
26000000	17000000	40.1333
26000000	18000000	108.0954
26000000	19000000	154.3362
26000000	20000000	99.4428
26000000	21000000	121.5919
26000000	22000000	98.4892
26000000	23000000	65.0334
26000000	24000000	225.9198
26000000	25000000	753.6535
26000000	26000000	2642.1721
26000000	27000000	898.0517
26000000	28000000	193.6032
26000000	29000000	136.5498
26000000	30000000	115.9120
26000000	31000000	101.0032
26000000	32000000	111.4882
26000000	33000000	124.0423
26000000	34000000	120.7203
26000000	35000000	121.3596
26000000	36000000	98.9747
26000000	37000000	102.6338
26000000	38000000	92.6489
26000000	39000000	108.6619
26000000	40000000	105.5240
26000000	41000000	93.6032
26000000	42000000	56.0469
26000000	43000000	51.1894
26000000	44000000	71.6749
26000000	45000000	79.3274
26000000	46000000	76.4688
26000000	47000000	62.7541
27000000	1000000	28.1652
27000000	2000000	41.0447
27000000	3000000	21.2473
27000000	4000000	47.0563
27000000	5000000	50.0390
27000000	6000000	36.7738
27000000	7000000	55.2507
27000000	8000000	66.8924
27000000	9000000	77.3612
27000000	10000000	73.6536
27000000	11000000	68.9783
27000000	12000000	25.7418
27000000	13000000	30.8125
27000000	14000000	27.1298
27000000	15000000	47.1656
27000000	16000000	35.5789
27000000	17000000	36.4693
27000000	18000000	121.6663
27000000	19000000	175.9312
27000000	20000000	107.3856
27000000	21000000	132.9362
27000000	22000000	99.7352
27000000	23000000	56.0480
27000000	24000000	158.0595
27000000	25000000	242.9293
27000000	26000000	898.0517
27000000	27000000	3690.8475
27000000	28000000	506.3260
27000000	29000000	205.2951
27000000	30000000	149.6338
27000000	31000000	124.1027
27000000	32000000	129.4923
27000000	33000000	133.8590
27000000	34000000	128.0081
27000000	35000000	137.6060
27000000	36000000	103.6056
27000000	37000000	103.0586
27000000	38000000	124.0288
27000000	39000000	134.8887
27000000	40000000	103.4798
27000000	41000000	117.5590
27000000	42000000	56.4051
27000000	43000000	58.4413
27000000	44000000	88.9621
27000000	45000000	97.6256
27000000	46000000	88.2823
27000000	47000000	81.9847
28000000	1000000	13.9946
28000000	2000000	33.6033
28000000	3000000	27.6136
28000000	4000000	33.8331
28000000	5000000	30.1573
28000000	6000000	37.1736
28000000	7000000	40.4901
28000000	8000000	50.2356
28000000	9000000	42.0820
28000000	10000000	45.2945
28000000	11000000	62.6047
28000000	12000000	51.8325
28000000	13000000	41.6611
28000000	14000000	35.9737
28000000	15000000	46.2442
28000000	16000000	45.7470
28000000	17000000	100.1147
28000000	18000000	133.6720
28000000	19000000	94.3447
28000000	20000000	69.4598
28000000	21000000	105.1431
28000000	22000000	110.5951
28000000	23000000	133.8135
28000000	24000000	126.4213
28000000	25000000	111.5947
28000000	26000000	193.6032
28000000	27000000	506.3260
28000000	28000000	2213.7544
28000000	29000000	465.2266
28000000	30000000	157.8886
28000000	31000000	132.0582
28000000	32000000	143.2253
28000000	33000000	169.3466
28000000	34000000	102.0573
28000000	35000000	115.9692
28000000	36000000	86.9555
28000000	37000000	111.9249
28000000	38000000	67.3316
28000000	39000000	102.2723
28000000	40000000	122.2324
28000000	41000000	77.5865
28000000	42000000	92.8033
28000000	43000000	74.1867
28000000	44000000	90.1877
28000000	45000000	60.4210
28000000	46000000	49.9093
28000000	47000000	51.9643
29000000	1000000	20.3438
29000000	2000000	29.6251
29000000	3000000	24.5445
29000000	4000000	32.9157
29000000	5000000	38.4274
29000000	6000000	27.2696
29000000	7000000	35.7777
29000000	8000000	48.5580
29000000	9000000	47.2899
29000000	10000000	45.8480
29000000	11000000	49.9226
29000000	12000000	21.6961
29000000	13000000	19.2705
29000000	14000000	21.0490
29000000	15000000	28.7871
29000000	16000000	27.0263
29000000	17000000	22.7987
29000000	18000000	70.3078
29000000	19000000	131.2391
29000000	20000000	73.4110
29000000	21000000	89.5427
29000000	22000000	60.7993
29000000	23000000	26.9061
29000000	24000000	71.3985
29000000	25000000	105.8910
29000000	26000000	136.5498
29000000	27000000	205.2951
29000000	28000000	465.2266
29000000	29000000	1876.7941
29000000	30000000	693.0173
29000000	31000000	237.5052
29000000	32000000	182.8275
29000000	33000000	120.7464
29000000	34000000	118.4309
29000000	35000000	99.4284
29000000	36000000	91.5559
29000000	37000000	81.4779
29000000	38000000	96.5698
29000000	39000000	101.7008
29000000	40000000	93.0582
29000000	41000000	101.8971
29000000	42000000	42.0436
29000000	43000000	48.4643
29000000	44000000	63.8949
29000000	45000000	76.6842
29000000	46000000	68.2666
29000000	47000000	59.2346
30000000	1000000	19.1195
30000000	2000000	32.5913
30000000	3000000	21.2165
30000000	4000000	41.8589
30000000	5000000	34.8927
30000000	6000000	25.5790
30000000	7000000	32.9286
30000000	8000000	48.3746
30000000	9000000	55.4207
30000000	10000000	42.0120
30000000	11000000	46.6921
30000000	12000000	21.3563
30000000	13000000	21.6882
30000000	14000000	18.4211
30000000	15000000	28.3319
30000000	16000000	25.4627
30000000	17000000	19.4328
30000000	18000000	81.9398
30000000	19000000	98.5774
30000000	20000000	73.2831
30000000	21000000	81.6299
30000000	22000000	63.7113
30000000	23000000	28.8047
30000000	24000000	76.8486
30000000	25000000	102.0199
30000000	26000000	115.9120
30000000	27000000	149.6338
30000000	28000000	157.8886
30000000	29000000	693.0173
30000000	30000000	2120.8861
30000000	31000000	668.6989
30000000	32000000	240.8394
30000000	33000000	133.5953
30000000	34000000	122.8330
30000000	35000000	96.1252
30000000	36000000	91.4212
30000000	37000000	71.2934
30000000	38000000	95.3351
30000000	39000000	91.6526
30000000	40000000	89.2536
30000000	41000000	104.1199
30000000	42000000	47.8859
30000000	43000000	53.9156
30000000	44000000	65.2348
30000000	45000000	79.3358
30000000	46000000	80.7196
30000000	47000000	58.2581
31000000	1000000	16.5722
31000000	2000000	33.7436
31000000	3000000	19.4576
31000000	4000000	31.0911
31000000	5000000	29.6447
31000000	6000000	25.0966
31000000	7000000	34.4080
31000000	8000000	39.9478
31000000	9000000	40.1315
31000000	10000000	46.2266
31000000	11000000	43.1352
31000000	12000000	23.1290
31000000	13000000	23.4055
31000000	14000000	23.3585
31000000	15000000	32.7546
31000000	16000000	29.3128
31000000	17000000	29.5111
31000000	18000000	71.4079
31000000	19000000	89.4914
31000000	20000000	71.3600
31000000	21000000	87.6930
31000000	22000000	74.2570
31000000	23000000	34.5513
31000000	24000000	74.9992
31000000	25000000	94.9152
31000000	26000000	101.0032
31000000	27000000	124.1027
31000000	28000000	132.0582
31000000	29000000	237.5052
31000000	30000000	668.6989
31000000	31000000	1907.7707
31000000	32000000	695.4955
31000000	33000000	207.9559
31000000	34000000	135.3328
31000000	35000000	107.0254
31000000	36000000	97.3848
31000000	37000000	93.0060
31000000	38000000	78.6219
31000000	39000000	97.1691
31000000	40000000	112.0490
31000000	41000000	93.7341
31000000	42000000	59.6571
31000000	43000000	48.3320
31000000	44000000	75.2925
31000000	45000000	77.8901
31000000	46000000	62.8885
31000000	47000000	55.7155
32000000	1000000	23.1312
32000000	2000000	38.3947
32000000	3000000	22.7489
32000000	4000000	42.5978
32000000	5000000	37.5266
32000000	6000000	38.5070
32000000	7000000	39.6424
32000000	8000000	54.4001
32000000	9000000	57.3602
32000000	10000000	50.5355
32000000	11000000	57.6573
32000000	12000000	29.7272
32000000	13000000	33.2440
32000000	14000000	23.7606
32000000	15000000	47.9241
32000000	16000000	32.9432
32000000	17000000	46.3914
32000000	18000000	83.9953
32000000	19000000	112.9105
32000000	20000000	81.3604
32000000	21000000	105.0286
32000000	22000000	93.6018
32000000	23000000	55.0206
32000000	24000000	113.2544
32000000	25000000	106.9062
32000000	26000000	111.4882
32000000	27000000	129.4923
32000000	28000000	143.2253
32000000	29000000	182.8275
32000000	30000000	240.8394
32000000	31000000	695.4955
32000000	32000000	2802.1063
32000000	33000000	601.1943
32000000	34000000	194.6083
32000000	35000000	150.0184
32000000	36000000	124.8899
32000000	37000000	111.3598
32000000	38000000	83.5898
32000000	39000000	108.0033
32000000	40000000	124.2996
32000000	41000000	117.1349
32000000	42000000	88.3618
32000000	43000000	72.9812
32000000	44000000	104.8107
32000000	45000000	109.7403
32000000	46000000	94.6453
32000000	47000000	77.5249
33000000	1000000	26.4356
33000000	2000000	47.2985
33000000	3000000	37.5968
33000000	4000000	48.9586
33000000	5000000	46.7629
33000000	6000000	40.8244
33000000	7000000	53.9151
33000000	8000000	67.1061
33000000	9000000	45.3618
33000000	10000000	44.0458
33000000	11000000	58.7448
33000000	12000000	45.8305
33000000	13000000	45.2984
33000000	14000000	49.3389
33000000	15000000	55.5525
33000000	16000000	55.1260
33000000	17000000	76.3562
33000000	18000000	108.8599
33000000	19000000	94.9047
33000000	20000000	70.4001
33000000	21000000	103.6031
33000000	22000000	125.6788
33000000	23000000	121.4746
33000000	24000000	159.0636
33000000	25000000	114.6975
33000000	26000000	124.0423
33000000	27000000	133.8590
33000000	28000000	169.3466
33000000	29000000	120.7464
33000000	30000000	133.5953
33000000	31000000	207.9559
33000000	32000000	601.1943
33000000	33000000	3285.0359
33000000	34000000	678.7912
33000000	35000000	256.4426
33000000	36000000	172.1034
33000000	37000000	152.1229
33000000	38000000	89.2277
33000000	39000000	119.9172
33000000	40000000	139.8091
33000000	41000000	100.6690
33000000	42000000	138.6845
33000000	43000000	106.9849
33000000	44000000	118.8785
33000000	45000000	84.2360
33000000	46000000	80.7621
33000000	47000000	77.2632
34000000	1000000	22.0555
34000000	2000000	31.3379
34000000	3000000	24.6619
34000000	4000000	38.7336
34000000	5000000	38.4532
34000000	6000000	25.6175
34000000	7000000	44.9539
34000000	8000000	50.6252
34000000	9000000	55.0311
34000000	10000000	53.4367
34000000	11000000	42.5546
34000000	12000000	26.7018
34000000	13000000	30.9522
34000000	14000000	26.2773
34000000	15000000	41.8801
34000000	16000000	32.0959
34000000	17000000	38.9398
34000000	18000000	82.7462
34000000	19000000	100.8739
34000000	20000000	69.7433
34000000	21000000	93.6800
34000000	22000000	83.8910
34000000	23000000	52.1418
34000000	24000000	116.5836
34000000	25000000	112.4504
34000000	26000000	120.7203
34000000	27000000	128.0081
34000000	28000000	102.0573
34000000	29000000	118.4309
34000000	30000000	122.8330
34000000	31000000	135.3328
34000000	32000000	194.6083
34000000	33000000	678.7912
34000000	34000000	2277.7516
34000000	35000000	585.6742
34000000	36000000	231.5819
34000000	37000000	137.6785
34000000	38000000	106.3185
34000000	39000000	116.2323
34000000	40000000	116.6631
34000000	41000000	114.7332
34000000	42000000	70.4277
34000000	43000000	70.7853
34000000	44000000	99.3108
34000000	45000000	98.5690
34000000	46000000	96.5410
34000000	47000000	77.8006
35000000	1000000	17.0699
35000000	2000000	32.5815
35000000	3000000	27.5870
35000000	4000000	43.6624
35000000	5000000	38.9665
35000000	6000000	31.9801
35000000	7000000	42.7867
35000000	8000000	50.7679
35000000	9000000	45.0725
35000000	10000000	44.6848
35000000	11000000	48.5052
35000000	12000000	31.9394
35000000	13000000	31.3176
35000000	14000000	28.0232
35000000	15000000	45.3818
35000000	16000000	42.6963
35000000	17000000	46.8475
35000000	18000000	100.5762
35000000	19000000	91.3136
35000000	20000000	73.4607
35000000	21000000	95.7343
35000000	22000000	89.7961
35000000	23000000	80.0436
35000000	24000000	114.1046
35000000	25000000	105.2864
35000000	26000000	121.3596
35000000	27000000	137.6060
35000000	28000000	115.9692
35000000	29000000	99.4284
35000000	30000000	96.1252
35000000	31000000	107.0254
35000000	32000000	150.0184
35000000	33000000	256.4426
35000000	34000000	585.6742
35000000	35000000	2733.0750
35000000	36000000	564.1376
35000000	37000000	206.9504
35000000	38000000	106.3666
35000000	39000000	136.9909
35000000	40000000	125.6754
35000000	41000000	89.6653
35000000	42000000	94.4826
35000000	43000000	81.9853
35000000	44000000	121.7036
35000000	45000000	115.8296
35000000	46000000	92.5182
35000000	47000000	78.3865
36000000	1000000	19.1574
36000000	2000000	30.0458
36000000	3000000	18.5602
36000000	4000000	32.9566
36000000	5000000	32.8444
36000000	6000000	28.5067
36000000	7000000	39.6568
36000000	8000000	44.6041
36000000	9000000	50.6247
36000000	10000000	39.1091
36000000	11000000	33.6970
36000000	12000000	29.5903
36000000	13000000	31.4283
36000000	14000000	26.5769
36000000	15000000	39.6573
36000000	16000000	32.1279
36000000	17000000	37.5666
36000000	18000000	67.9262
36000000	19000000	82.0722
36000000	20000000	61.9967
36000000	21000000	87.8807
36000000	22000000	76.3675
36000000	23000000	50.6611
36000000	24000000	111.9290
36000000	25000000	111.3765
36000000	26000000	98.9747
36000000	27000000	103.6056
36000000	28000000	86.9555
36000000	29000000	91.5559
36000000	30000000	91.4212
36000000	31000000	97.3848
36000000	32000000	124.8899
36000000	33000000	172.1034
36000000	34000000	231.5819
36000000	35000000	564.1376
36000000	36000000	1940.1887
36000000	37000000	548.4815
36000000	38000000	157.9325
36000000	39000000	159.0043
36000000	40000000	110.1917
36000000	41000000	112.5416
36000000	42000000	91.4353
36000000	43000000	82.9479
36000000	44000000	91.4613
36000000	45000000	100.2373
36000000	46000000	96.1939
36000000	47000000	65.8613
37000000	1000000	16.0285
37000000	2000000	32.6468
37000000	3000000	22.2706
37000000	4000000	32.2478
37000000	5000000	35.4366
37000000	6000000	29.0996
37000000	7000000	34.3695
37000000	8000000	49.7585
37000000	9000000	33.6848
37000000	10000000	36.0127
37000000	11000000	34.6363
37000000	12000000	31.1148
37000000	13000000	31.6560
37000000	14000000	31.9851
37000000	15000000	41.9794
37000000	16000000	38.5049
37000000	17000000	41.7822
37000000	18000000	71.5964
37000000	19000000	72.7995
37000000	20000000	58.3841
37000000	21000000	73.0149
37000000	22000000	84.2168
37000000	23000000	67.7074
37000000	24000000	100.4209
37000000	25000000	89.3540
37000000	26000000	102.6338
37000000	27000000	103.0586
37000000	28000000	111.9249
37000000	29000000	81.4779
37000000	30000000	71.2934
37000000	31000000	93.0060
37000000	32000000	111.3598
37000000	33000000	152.1229
37000000	34000000	137.6785
37000000	35000000	206.9504
37000000	36000000	548.4815
37000000	37000000	2345.0846
37000000	38000000	462.3364
37000000	39000000	377.3776
37000000	40000000	214.7728
37000000	41000000	117.7185
37000000	42000000	122.0882
37000000	43000000	100.3235
37000000	44000000	139.4829
37000000	45000000	106.6807
37000000	46000000	101.9704
37000000	47000000	77.9470
38000000	1000000	18.5882
38000000	2000000	25.1008
38000000	3000000	16.6150
38000000	4000000	31.2805
38000000	5000000	28.7566
38000000	6000000	24.5345
38000000	7000000	32.4054
38000000	8000000	44.2182
38000000	9000000	42.9618
38000000	10000000	33.3915
38000000	11000000	34.4349
38000000	12000000	16.7355
38000000	13000000	21.3012
38000000	14000000	21.2249
38000000	15000000	29.9763
38000000	16000000	23.8314
38000000	17000000	22.9754
38000000	18000000	44.4403
38000000	19000000	78.5604
38000000	20000000	54.3658
38000000	21000000	66.0582
38000000	22000000	45.2879
38000000	23000000	25.4565
38000000	24000000	55.3105
38000000	25000000	79.9418
38000000	26000000	92.6489
38000000	27000000	124.0288
38000000	28000000	67.3316
38000000	29000000	96.5698
38000000	30000000	95.3351
38000000	31000000	78.6219
38000000	32000000	83.5898
38000000	33000000	89.2277
38000000	34000000	106.3185
38000000	35000000	106.3666
38000000	36000000	157.9325
38000000	37000000	462.3364
38000000	38000000	2606.9717
38000000	39000000	858.7528
38000000	40000000	178.8219
38000000	41000000	142.5248
38000000	42000000	61.4027
38000000	43000000	50.5343
38000000	44000000	95.1219
38000000	45000000	116.4252
38000000	46000000	113.2802
38000000	47000000	84.5357
39000000	1000000	17.3189
39000000	2000000	29.1300
39000000	3000000	27.7261
39000000	4000000	36.2116
39000000	5000000	35.8655
39000000	6000000	21.8572
39000000	7000000	35.9914
39000000	8000000	49.1562
39000000	9000000	39.1658
39000000	10000000	36.4295
39000000	11000000	34.5246
39000000	12000000	25.9763
39000000	13000000	31.3954
39000000	14000000	23.1796
39000000	15000000	40.3412
39000000	16000000	34.1709
39000000	17000000	31.7478
39000000	18000000	66.4771
39000000	19000000	72.0500
39000000	20000000	54.3390
39000000	21000000	72.9126
39000000	22000000	71.8543
39000000	23000000	42.9378
39000000	24000000	79.4585
39000000	25000000	94.0584
39000000	26000000	108.6619
39000000	27000000	134.8887
39000000	28000000	102.2723
39000000	29000000	101.7008
39000000	30000000	91.6526
39000000	31000000	97.1691
39000000	32000000	108.0033
39000000	33000000	119.9172
39000000	34000000	116.2323
39000000	35000000	136.9909
39000000	36000000	159.0043
39000000	37000000	377.3776
39000000	38000000	858.7528
39000000	39000000	2629.6492
39000000	40000000	633.0151
39000000	41000000	191.4260
39000000	42000000	109.4416
39000000	43000000	90.1540
39000000	44000000	135.1386
39000000	45000000	131.0630
39000000	46000000	137.6128
39000000	47000000	97.8343
40000000	1000000	20.3543
40000000	2000000	35.0107
40000000	3000000	31.6433
40000000	4000000	34.8262
40000000	5000000	34.9260
40000000	6000000	27.2544
40000000	7000000	41.3417
40000000	8000000	50.3202
40000000	9000000	43.4557
40000000	10000000	37.9090
40000000	11000000	42.9730
40000000	12000000	35.0746
40000000	13000000	33.6494
40000000	14000000	39.0626
40000000	15000000	53.6629
40000000	16000000	38.5136
40000000	17000000	50.9930
40000000	18000000	79.9185
40000000	19000000	77.2524
40000000	20000000	58.0650
40000000	21000000	85.4513
40000000	22000000	76.3896
40000000	23000000	86.5207
40000000	24000000	116.4681
40000000	25000000	94.8568
40000000	26000000	105.5240
40000000	27000000	103.4798
40000000	28000000	122.2324
40000000	29000000	93.0582
40000000	30000000	89.2536
40000000	31000000	112.0490
40000000	32000000	124.2996
40000000	33000000	139.8091
40000000	34000000	116.6631
40000000	35000000	125.6754
40000000	36000000	110.1917
40000000	37000000	214.7728
40000000	38000000	178.8219
40000000	39000000	633.0151
40000000	40000000	3366.3236
40000000	41000000	890.4178
40000000	42000000	361.5196
40000000	43000000	169.0740
40000000	44000000	197.1450
40000000	45000000	146.1364
40000000	46000000	143.1789
40000000	47000000	117.1891
41000000	1000000	21.5292
41000000	2000000	30.7025
41000000	3000000	21.0126
41000000	4000000	29.6396
41000000	5000000	38.0389
41000000	6000000	25.0576
41000000	7000000	35.8628
41000000	8000000	34.7664
41000000	9000000	37.0298
41000000	10000000	34.4845
41000000	11000000	43.2733
41000000	12000000	20.4817
41000000	13000000	27.8782
41000000	14000000	23.8695
41000000	15000000	37.6021
41000000	16000000	31.0598
41000000	17000000	30.9336
41000000	18000000	53.8617
41000000	19000000	84.0927
41000000	20000000	56.8023
41000000	21000000	75.8899
41000000	22000000	60.5117
41000000	23000000	40.0861
41000000	24000000	78.4514
41000000	25000000	94.4360
41000000	26000000	93.6032
41000000	27000000	117.5590
41000000	28000000	77.5865
41000000	29000000	101.8971
41000000	30000000	104.1199
41000000	31000000	93.7341
41000000	32000000	117.1349
41000000	33000000	100.6690
41000000	34000000	114.7332
41000000	35000000	89.6653
41000000	36000000	112.5416
41000000	37000000	117.7185
41000000	38000000	142.5248
41000000	39000000	191.4260
41000000	40000000	890.4178
41000000	41000000	2812.1790
41000000	42000000	506.1379
41000000	43000000	110.4644
41000000	44000000	156.0317
41000000	45000000	161.1494
41000000	46000000	140.4435
41000000	47000000	115.2414
42000000	1000000	17.6201
42000000	2000000	32.2308
42000000	3000000	31.9134
42000000	4000000	34.4895
42000000	5000000	31.7577
42000000	6000000	26.6996
42000000	7000000	39.1274
42000000	8000000	37.3384
42000000	9000000	34.7337
42000000	10000000	27.9828
42000000	11000000	36.8829
42000000	12000000	41.6456
42000000	13000000	49.6475
42000000	14000000	45.5778
42000000	15000000	73.0463
42000000	16000000	55.5581
42000000	17000000	75.1522
42000000	18000000	58.1058
42000000	19000000	36.7470
42000000	20000000	35.8580
42000000	21000000	58.8240
42000000	22000000	80.8785
42000000	23000000	111.9492
42000000	24000000	100.2324
42000000	25000000	60.2304
42000000	26000000	56.0469
42000000	27000000	56.4051
42000000	28000000	92.8033
42000000	29000000	42.0436
42000000	30000000	47.8859
42000000	31000000	59.6571
42000000	32000000	88.3618
42000000	33000000	138.6845
42000000	34000000	70.4277
42000000	35000000	94.4826
42000000	36000000	91.4353
42000000	37000000	122.0882
42000000	38000000	61.4027
42000000	39000000	109.4416
42000000	40000000	361.5196
42000000	41000000	506.1379
42000000	42000000	3257.5337
42000000	43000000	793.7444
42000000	44000000	194.4729
42000000	45000000	100.3174
42000000	46000000	75.0094
42000000	47000000	62.8175
43000000	1000000	13.9227
43000000	2000000	31.3897
43000000	3000000	31.5444
43000000	4000000	30.3046
43000000	5000000	33.8954
43000000	6000000	30.8095
43000000	7000000	38.0426
43000000	8000000	33.6776
43000000	9000000	30.5061
43000000	10000000	29.3433
43000000	11000000	29.3037
43000000	12000000	38.5949
43000000	13000000	45.5870
43000000	14000000	45.1579
43000000	15000000	63.7139
43000000	16000000	54.6162
43000000	17000000	57.2242
43000000	18000000	45.5641
43000000	19000000	45.9153
43000000	20000000	36.3641
43000000	21000000	54.3081
43000000	22000000	74.4616
43000000	23000000	109.2291
43000000	24000000	99.7825
43000000	25000000	49.3054
43000000	26000000	51.1894
43000000	27000000	58.4413
43000000	28000000	74.1867
43000000	29000000	48.4643
43000000	30000000	53.9156
43000000	31000000	48.3320
43000000	32000000	72.9812
43000000	33000000	106.9849
43000000	34000000	70.7853
43000000	35000000	81.9853
43000000	36000000	82.9479
43000000	37000000	100.3235
43000000	38000000	50.5343
43000000	39000000	90.1540
43000000	40000000	169.0740
43000000	41000000	110.4644
43000000	42000000	793.7444
43000000	43000000	3020.4655
43000000	44000000	477.0915
43000000	45000000	129.0840
43000000	46000000	94.4175
43000000	47000000	80.7117
44000000	1000000	18.0438
44000000	2000000	24.4004
44000000	3000000	23.7492
44000000	4000000	30.3951
44000000	5000000	33.8013
44000000	6000000	29.8730
44000000	7000000	34.7172
44000000	8000000	41.5391
44000000	9000000	32.2940
44000000	10000000	34.9969
44000000	11000000	36.8152
44000000	12000000	27.5952
44000000	13000000	34.5430
44000000	14000000	28.1752
44000000	15000000	41.3203
44000000	16000000	38.9295
44000000	17000000	38.0084
44000000	18000000	50.1777
44000000	19000000	52.4135
44000000	20000000	39.7092
44000000	21000000	62.7905
44000000	22000000	62.8072
44000000	23000000	54.8163
44000000	24000000	77.3482
44000000	25000000	62.8461
44000000	26000000	71.6749
44000000	27000000	88.9621
44000000	28000000	90.1877
44000000	29000000	63.8949
44000000	30000000	65.2348
44000000	31000000	75.2925
44000000	32000000	104.8107
44000000	33000000	118.8785
44000000	34000000	99.3108
44000000	35000000	121.7036
44000000	36000000	91.4613
44000000	37000000	139.4829
44000000	38000000	95.1219
44000000	39000000	135.1386
44000000	40000000	197.1450
44000000	41000000	156.0317
44000000	42000000	194.4729
44000000	43000000	477.0915
44000000	44000000	3461.9583
44000000	45000000	982.5639
44000000	46000000	248.1406
44000000	47000000	176.4438
45000000	1000000	19.2599
45000000	2000000	33.3270
45000000	3000000	23.1488
45000000	4000000	28.7562
45000000	5000000	28.2482
45000000	6000000	21.5570
45000000	7000000	28.1931
45000000	8000000	36.6512
45000000	9000000	35.7550
45000000	10000000	29.8604
45000000	11000000	26.0541
45000000	12000000	19.4970
45000000	13000000	20.8906
45000000	14000000	18.7174
45000000	15000000	34.4920
45000000	16000000	27.3476
45000000	17000000	22.4575
45000000	18000000	46.5943
45000000	19000000	60.6715
45000000	20000000	47.6732
45000000	21000000	53.8662
45000000	22000000	46.1044
45000000	23000000	27.4064
45000000	24000000	54.1062
45000000	25000000	65.4141
45000000	26000000	79.3274
45000000	27000000	97.6256
45000000	28000000	60.4210
45000000	29000000	76.6842
45000000	30000000	79.3358
45000000	31000000	77.8901
45000000	32000000	109.7403
45000000	33000000	84.2360
45000000	34000000	98.5690
45000000	35000000	115.8296
45000000	36000000	100.2373
45000000	37000000	106.6807
45000000	38000000	116.4252
45000000	39000000	131.0630
45000000	40000000	146.1364
45000000	41000000	161.1494
45000000	42000000	100.3174
45000000	43000000	129.0840
45000000	44000000	982.5639
45000000	45000000	3071.6740
45000000	46000000	784.1362
45000000	47000000	288.3263
46000000	1000000	15.2927
46000000	2000000	25.3484
46000000	3000000	18.4974
46000000	4000000	30.5950
46000000	5000000	24.4028
46000000	6000000	20.8847
46000000	7000000	28.1733
46000000	8000000	35.6763
46000000	9000000	29.8342
46000000	10000000	31.0447
46000000	11000000	34.4180
46000000	12000000	20.4847
46000000	13000000	18.7431
46000000	14000000	15.0048
46000000	15000000	30.0018
46000000	16000000	27.8252
46000000	17000000	15.4698
46000000	18000000	43.7205
46000000	19000000	62.1521
46000000	20000000	36.9790
46000000	21000000	46.4957
46000000	22000000	41.3285
46000000	23000000	24.9707
46000000	24000000	51.9935
46000000	25000000	71.0991
46000000	26000000	76.4688
46000000	27000000	88.2823
46000000	28000000	49.9093
46000000	29000000	68.2666
46000000	30000000	80.7196
46000000	31000000	62.8885
46000000	32000000	94.6453
46000000	33000000	80.7621
46000000	34000000	96.5410
46000000	35000000	92.5182
46000000	36000000	96.1939
46000000	37000000	101.9704
46000000	38000000	113.2802
46000000	39000000	137.6128
46000000	40000000	143.1789
46000000	41000000	140.4435
46000000	42000000	75.0094
46000000	43000000	94.4175
46000000	44000000	248.1406
46000000	45000000	784.1362
46000000	46000000	2623.9953
46000000	47000000	787.4139
47000000	1000000	9.9547
47000000	2000000	21.7144
47000000	3000000	12.4859
47000000	4000000	31.0073
47000000	5000000	24.4230
47000000	6000000	21.2337
47000000	7000000	25.0429
47000000	8000000	27.7958
47000000	9000000	26.3648
47000000	10000000	30.0326
47000000	11000000	28.0804
47000000	12000000	17.3828
47000000	13000000	15.5565
47000000	14000000	16.8533
47000000	15000000	22.6875
47000000	16000000	18.3618
47000000	17000000	15.6826
47000000	18000000	34.4863
47000000	19000000	55.2608
47000000	20000000	34.0663
47000000	21000000	42.4458
47000000	22000000	40.3183
47000000	23000000	25.9118
47000000	24000000	43.5740
47000000	25000000	58.9272
47000000	26000000	62.7541
47000000	27000000	81.9847
47000000	28000000	51.9643
47000000	29000000	59.2346
47000000	30000000	58.2581
47000000	31000000	55.7155
47000000	32000000	77.5249
47000000	33000000	77.2632
47000000	34000000	77.8006
47000000	35000000	78.3865
47000000	36000000	65.8613
47000000	37000000	77.9470
47000000	38000000	84.5357
47000000	39000000	97.8343
47000000	40000000	117.1891
47000000	41000000	115.2414
47000000	42000000	62.8175
47000000	43000000	80.7117
47000000	44000000	176.4438
47000000	45000000	288.3263
47000000	46000000	787.4139
47000000	47000000	2141.7094
